           1 -0.99938231920525278        2.4638650427428899E-003
           2 -0.99814687957726034        2.4637048470461742E-003
           3 -0.99691120579551085        2.4629031645118970E-003
           4 -0.99567514162990700        2.4607797195595029E-003
           5 -0.99443853065883048        2.4566533248211115E-003
           6 -0.99320121619226032        2.4499409510427609E-003
           7 -0.99196304119462575        2.4401956513387469E-003
           8 -0.99072384820730630        2.4271091149307578E-003
           9 -0.98948347927070812        2.4104964407646971E-003
          10 -0.98824177584583006        2.3902743112571246E-003
          11 -0.98699857873524655        2.3664388268450120E-003
          12 -0.98575372800341998        2.3390459251338086E-003
          13 -0.98450706289626333        2.3081953378981958E-003
          14 -0.98325842175987022        2.2740180392992219E-003
          15 -0.98200764195832380        2.2366667402604489E-003
          16 -0.98075455979050263        2.1963089001498892E-003
          17 -0.97949901040579035        2.1531217482344085E-003
          18 -0.97824082771860488        2.1072888180846336E-003
          19 -0.97697984432164875        2.0589974933472137E-003
          20 -0.97571589139779236        2.0084371113970054E-003
          21 -0.97444879863048606        1.9557973170887966E-003
          22 -0.97317839411261264        1.9012665477759730E-003
          23 -0.97190450425366637        1.8450306532590108E-003
          24 -0.97062695368516239        1.7872716637799171E-003
          25 -0.96934556516416692        1.7281666718118580E-003
          26 -0.96806015947483104        1.6678867785775685E-003
          27 -0.96677055532782430        1.6065961156307006E-003
          28 -0.96547656925753889        1.5444510468522678E-003
          29 -0.96417801551695015        1.4815996973330070E-003
          30 -0.96287470597000147        1.4181818860843865E-003
          31 -0.96156644998138407        1.3543293937759791E-003
          32 -0.96025305430357866        1.2901663731603897E-003
          33 -0.95893432296101322        1.2258097029100633E-003
          34 -0.95761005713119463        1.1613692044216846E-003
          35 -0.95628005502266100        1.0969477784508372E-003
          36 -0.95494411174959692        1.0326415646005360E-003
          37 -0.95360201920294962        9.6854018098933739E-004
          38 -0.95225356591786958        9.0472702582885568E-004
          39 -0.95089853693730886        8.4127956849255490E-004
          40 -0.94953671367158021        7.7826956423982234E-004
          41 -0.94816787375369405        7.1576321613942733E-004
          42 -0.94679179089026488        6.5382143425778193E-004
          43 -0.94540823470778490        5.9250037698462877E-004
          44 -0.94401697059403922        5.3185230674325035E-004
          45 -0.94261775953443838        4.7192654766306573E-004
          46 -0.94121035794302998        4.1277022384170268E-004
          47 -0.93979451748793752        3.5442858072525917E-004
          48 -0.93836998491096635        2.9694492237852116E-004
          49 -0.93693650184110655        2.4036035676596156E-004
          50 -0.93549380460164355        1.8471355300070329E-004
          51 -0.93404162401058355        1.3004061590360836E-004
          52 -0.93257968517407241        7.6375074973385749E-005
          53 -0.93110770727248737        2.3747943652173391E-005
          54 -0.92962540333885957       -2.7812185707252043E-005
          55 -0.92813248002925697       -7.8279043915321494E-005
          56 -0.92662863738476375       -1.2762863971779671E-004
          57 -0.92511356858464910       -1.7583935154317801E-004
          58 -0.92358695969031812       -2.2289224295023559E-004
          59 -0.92204848937960160       -2.6877161736663541E-004
          60 -0.92049782867093199       -3.1346567755835303E-004
          61 -0.91893464063692265       -3.5696702809240083E-004
          62 -0.91735858010684490       -3.9927276873329766E-004
          63 -0.91576929335747059       -4.4038408190744290E-004
          64 -0.91416641779172547       -4.8030543234510735E-004
          65 -0.91254958160456223       -5.1904363852824911E-004
          66 -0.91091840343543673       -5.5660706282808180E-004
          67 -0.90927249200674143       -5.9300503890741252E-004
          68 -0.90761144574750463       -6.2824750703928335E-004
          69 -0.90593485240164529       -6.6234473809154127E-004
          70 -0.90424228862001577       -6.9530705230440369E-004
          71 -0.90253331953544436       -7.2714458877580252E-004
          72 -0.90080749831992546       -7.5786733458344533E-004
          73 -0.89906436572308435       -7.8748554794936805E-004
          74 -0.89730344959096964       -8.1601033838948835E-004
          75 -0.89552426436420096       -8.4345386095409911E-004
          76 -0.89372631055442397       -8.6982881287123170E-004
          77 -0.89190907419798604       -8.9514752489758785E-004
          78 -0.89007202628567161       -9.1942127554297170E-004
          79 -0.88821462216728486       -9.4266028077535891E-004
          80 -0.88633630092978710       -9.6487431792536128E-004
          81 -0.88443648474763936       -9.8607346719003022E-004
          82 -0.88251457820391011       -1.0062683930380238E-003
          83 -0.88056996758064465       -1.0254700436086815E-003
          84 -0.87860202011688882       -1.0436891985273122E-003
          85 -0.87661008323268541       -1.0609364090539328E-003
          86 -0.87459348371726342       -1.0772224379103556E-003
          87 -0.87255152687953119       -1.0925586479077426E-003
          88 -0.87048349565888938       -1.1069566727292058E-003
          89 -0.86838864969425789       -1.1204275649023174E-003
          90 -0.86626622434909895       -1.1329813225408605E-003
          91 -0.86411542969008259       -1.1446272788463992E-003
          92 -0.86193544941692346       -1.1553751725795565E-003
          93 -0.85972543974075011       -1.1652364721920772E-003
          94 -0.85748452820825283       -1.1742255219544947E-003
          95 -0.85521181246866429       -1.1823601820065625E-003
          96 -0.85290635898048384       -1.1896617595275555E-003
          97 -0.85056720165467092       -1.1961543708836962E-003
          98 -0.84819334043084860       -1.2018643182395258E-003
          99 -0.84578373978286048       -1.2068200203301442E-003
         100 -0.84333732714982113       -1.2110522534733044E-003
         101 -0.84085299128858404       -1.2145933958858210E-003
         102 -0.83832958054331586       -1.2174746506650467E-003
         103 -0.83576590102763570       -1.2197222351626638E-003
         104 -0.83316071471451847       -1.2213547701423447E-003
         105 -0.83051273742890364       -1.2223829870499981E-003
         106 -0.82782063673767470       -1.2228117373192591E-003
         107 -0.82508302973138725       -1.2226443754339122E-003
         108 -0.82229848069182498       -1.2218879115507334E-003
         109 -0.81946549863915830       -1.2205564756067699E-003
         110 -0.81658253475215070       -1.2186734221372596E-003
         111 -0.81364797965454405       -1.2162730828233004E-003
         112 -0.81066016056039847       -1.2134003895701434E-003
         113 -0.80761733827082960       -1.2101072488563381E-003
         114 -0.80451770401423983       -1.2064479777830746E-003
         115 -0.80135937612176866       -1.2024758974202711E-003
         116 -0.79814039652936319       -1.1982416449810795E-003
         117 -0.79485872709750316       -1.1937925887704729E-003
         118 -0.79151224573928691       -1.1891703222516254E-003
         119 -0.78809874234726884       -1.1844037728450415E-003
         120 -0.78461591450913304       -1.1795015404445150E-003
         121 -0.78106136300203133       -1.1744509885172666E-003
         122 -0.77743258705518636       -1.1692245973989482E-003
         123 -0.77372697937019841       -1.1637867902258017E-003
         124 -0.76994182088839680       -1.1581001036993534E-003
         125 -0.76607427529456329       -1.1521318375962114E-003
         126 -0.76212138324647294       -1.1458543878005449E-003
         127 -0.75808005631991093       -1.1392372962326671E-003
         128 -0.75394707065925137       -1.1322388913177204E-003
         129 -0.74971906032426794       -1.1247997612172239E-003
         130 -0.74539251032469467       -1.1168391985430192E-003
         131 -0.74096374933519094       -1.1082594217936650E-003
         132 -0.73642894208483789       -1.0989627420785819E-003
         133 -0.73178408141718476       -1.0888714174681908E-003
         134 -0.72702498001924531       -1.0779317077894526E-003
         135 -0.72214726182080025       -1.0661121868523311E-003
         136 -0.71714635306898966       -1.0534090099496378E-003
         137 -0.71201747308764474       -1.0398437276879083E-003
         138 -0.70675562473615705       -1.0254484077769359E-003
         139 -0.70135558458918368       -1.0102496939955702E-003
         140 -0.69581189286623890       -9.9426112876992026E-004
         141 -0.69011884314946248       -9.7748407882892693E-004
         142 -0.68427047193884349       -9.5990941722036319E-004
         143 -0.67826054810712078       -9.4152792071328876E-004
         144 -0.67208256233186514       -9.2232945299612970E-004
         145 -0.66572971660009905       -9.0226822351283326E-004
         146 -0.65919491390173901       -8.8124710709066851E-004
         147 -0.65247074825240836       -8.5917120730651683E-004
         148 -0.64554949521434124       -8.3600807781405680E-004
         149 -0.63842310311659234       -8.1176936150649558E-004
         150 -0.63108318521307105       -7.8646572760307195E-004
         151 -0.62352101305960128       -7.6012061219695609E-004
         152 -0.61572751143974935       -7.3279849425178739E-004
         153 -0.60769325522401252       -7.0454552404581087E-004
         154 -0.59940846860864516       -6.7529366897482138E-004
         155 -0.59086302724910156       -6.4485682217665116E-004
         156 -0.58204646387908454       -6.1302558124805219E-004
         157 -0.57294797808929798       -5.7968199971013376E-004
         158 -0.56355645102988250       -5.4484454867910275E-004
         159 -0.55386046589619164       -5.0858911587157670E-004
         160 -0.54384833515758180       -4.7092848962243278E-004
         161 -0.53350813559095156       -4.3180613345711642E-004
         162 -0.52282775228152945       -3.9108822765375099E-004
         163 -0.51179493284837108       -3.4866706455161437E-004
         164 -0.50039735323518231       -3.0427224555172979E-004
         165 -0.48862269647056367       -2.5726357879601424E-004
         166 -0.47645874583586578       -2.0707980569326808E-004
         167 -0.46389349387150935       -1.5362186452788504E-004
         168 -0.45091526858953856       -9.6915941618748336E-005
         169 -0.43751287812475526       -3.6938453615591112E-005
         170 -0.42367577483049901        2.5964963642757730E-005
         171 -0.40939423948804088        9.1094575241405202E-005
         172 -0.39465958583042959        1.5742239037977213E-004
         173 -0.37946438496369539        2.2348814829382924E-004
         174 -0.36380270848516605        2.8861127844441187E-004
         175 -0.34767038814165030        3.5387777602699885E-004
         176 -0.33106528874080277        4.2100627832617675E-004
         177 -0.31398758974273888        4.9065981442558519E-004
         178 -0.29644006955017288        5.6208553598945479E-004
         179 -0.27842838504072553        6.3331153310930053E-004
         180 -0.25996133742637151        7.0233028755560707E-004
         181 -0.24105111419015335        7.6786472537157123E-004
         182 -0.22171349577050903        8.2902834020107900E-004
         183 -0.20196801498678441        8.8493203074363946E-004
         184 -0.18183805707922696        9.3440153275645350E-004
         185 -0.16135088881549930        9.7677290517830806E-004
         186 -0.14053760650480074        1.0131062141639153E-003
         187 -0.11943299501841853        1.0449770673834457E-003
         188  -9.8075293026108956E-002   1.0725556316748788E-003
         189  -7.6505863516110439E-002   1.0951671346618864E-003
         190  -5.4768773072648047E-002   1.1122230462340232E-003
         191  -3.2910288050457481E-002   1.1231589825508297E-003
         192  -1.0978300356825565E-002   1.1277691072155678E-003
         193   1.0978300356826454E-002   1.1264692127248121E-003
         194   3.2910288050457259E-002   1.1198368268533249E-003
         195   5.4768773072645605E-002   1.1082837869813900E-003
         196   7.6505863516111328E-002   1.0913853827221849E-003
         197   9.8075293026108845E-002   1.0693383190370762E-003
         198  0.11943299501841698        1.0433650183823545E-003
         199  0.14053760650480163        1.0130246165947958E-003
         200  0.16135088881549908        9.7679617407989377E-004
         201  0.18183805707922573        9.3343904796521740E-004
         202  0.20196801498678418        8.8203234281817797E-004
         203  0.22171349577050870        8.2320171158336739E-004
         204  0.24105111419015102        7.5857878374537978E-004
         205  0.25996133742637140        6.9020425669668109E-004
         206  0.27842838504072542        6.2050369104102400E-004
         207  0.29644006955017077        5.5015676823018140E-004
         208  0.31398758974273955        4.7872141637410727E-004
         209  0.33106528874080254        4.0657235516571120E-004
         210  0.34767038814164830        3.3446763500920046E-004
         211  0.36380270848516694        2.6213838205550971E-004
         212  0.37946438496369517        1.8930283321792423E-004
         213  0.39465958583042848        1.1689551664592782E-004
         214  0.40939423948804166        4.5290248153594551E-005
         215  0.42367577483049890       -2.5211129739546559E-005
         216  0.43751287812475459       -9.3458616669612441E-005
         217  0.45091526858953923       -1.5864922207448588E-004
         218  0.46389349387150958       -2.2063237489345421E-004
         219  0.47645874583586445       -2.7950981658910227E-004
         220  0.48862269647056378       -3.3521353492449880E-004
         221  0.50039735323518242       -3.8772676631305188E-004
         222  0.51179493284837019       -4.3772981556437166E-004
         223  0.52282775228153011       -4.8618052828616613E-004
         224  0.53350813559095167       -5.3356033209036712E-004
         225  0.54384833515758091       -5.7975767962882118E-004
         226  0.55386046589619231       -6.2460076457744455E-004
         227  0.56355645102988250       -6.6812592170116102E-004
         228  0.57294797808929765       -7.1042685804253492E-004
         229  0.58204646387908521       -7.5140382690297338E-004
         230  0.59086302724910178       -7.9059862428482815E-004
         231  0.59940846860864494       -8.2753513959708434E-004
         232  0.60769325522401285       -8.6210036155495056E-004
         233  0.61572751143974935       -8.9451865804675962E-004
         234  0.62352101305960117       -9.2512051678593911E-004
         235  0.63108318521307116       -9.5416842080817772E-004
         236  0.63842310311659278       -9.8181877238109330E-004
         237  0.64554949521434080       -1.0081174484301765E-003
         238  0.65247074825240881       -1.0330029027854856E-003
         239  0.65919491390173945       -1.0564145304472047E-003
         240  0.66572971660009861       -1.0784045917325471E-003
         241  0.67208256233186559       -1.0991549611823284E-003
         242  0.67826054810712111       -1.1189257467558280E-003
         243  0.68427047193884305       -1.1379863531975282E-003
         244  0.69011884314946315       -1.1565604053317591E-003
         245  0.69581189286623890       -1.1747787770459350E-003
         246  0.70135558458918390       -1.1926526069660462E-003
         247  0.70675562473615750       -1.2100906153039279E-003
         248  0.71201747308764474       -1.2269359921613257E-003
         249  0.71714635306898944       -1.2430077546297974E-003
         250  0.72214726182080069       -1.2581556284131010E-003
         251  0.72702498001924565       -1.2723089137289981E-003
         252  0.73178408141718432       -1.2854882570437817E-003
         253  0.73642894208483800       -1.2977789588281782E-003
         254  0.74096374933519105       -1.3092876302642008E-003
         255  0.74539251032469456       -1.3201082082563808E-003
         256  0.74971906032426827       -1.3303130319010396E-003
         257  0.75394707065925148       -1.3399610439843892E-003
         258  0.75808005631991082       -1.3491064407711798E-003
         259  0.76212138324647349       -1.3577988992744927E-003
         260  0.76607427529456373       -1.3660744164584262E-003
         261  0.76994182088839658       -1.3739429673040374E-003
         262  0.77372697937019885       -1.3813846471832781E-003
         263  0.77743258705518681       -1.3883584164052758E-003
         264  0.78106136300203155       -1.3948126196583973E-003
         265  0.78461591450913337       -1.4006888203181276E-003
         266  0.78809874234726918       -1.4059268549070228E-003
         267  0.79151224573928691       -1.4104736811536786E-003
         268  0.79485872709750360       -1.4142884692202554E-003
         269  0.79814039652936319       -1.4173434675353010E-003
         270  0.80135937612176877       -1.4196246165969033E-003
         271  0.80451770401424016       -1.4211303982510388E-003
         272  0.80761733827083004       -1.4218680828405358E-003
         273  0.81066016056039825       -1.4218501369819112E-003
         274  0.81364797965454483       -1.4210917864432597E-003
         275  0.81658253475215115       -1.4196094858472802E-003
         276  0.81946549863915807       -1.4174197011535075E-003
         277  0.82229848069182543       -1.4145370569798269E-003
         278  0.82508302973138736       -1.4109722739855848E-003
         279  0.82782063673767503       -1.4067310515383739E-003
         280  0.83051273742890430       -1.4018142373004162E-003
         281  0.83316071471451880       -1.3962187005139069E-003
         282  0.83576590102763593       -1.3899383716244971E-003
         283  0.83832958054331619       -1.3829650907501686E-003
         284  0.84085299128858404       -1.3752886027051166E-003
         285  0.84333732714982124       -1.3668962895058787E-003
         286  0.84578373978286114       -1.3577739612313845E-003
         287  0.84819334043084904       -1.3479070478822663E-003
         288  0.85056720165467103       -1.3372807672887453E-003
         289  0.85290635898048417       -1.3258795300359286E-003
         290  0.85521181246866473       -1.3136866702395803E-003
         291  0.85748452820825283       -1.3006849032850233E-003
         292  0.85972543974075077       -1.2868572673122624E-003
         293  0.86193544941692379       -1.2721883862317038E-003
         294  0.86411542969008304       -1.2566658390712878E-003
         295  0.86626622434909928       -1.2402807228739511E-003
         296  0.86838864969425833       -1.2230266919213612E-003
         297  0.87048349565888983       -1.2048982466001709E-003
         298  0.87255152687953186       -1.1858897882521741E-003
         299  0.87459348371726375       -1.1659960734049617E-003
         300  0.87661008323268552       -1.1452133615393735E-003
         301  0.87860202011688915       -1.1235400190481950E-003
         302  0.88056996758064510       -1.1009759344369678E-003
         303  0.88251457820391011       -1.0775212334249557E-003
         304  0.88443648474763981       -1.0531753662991119E-003
         305  0.88633630092978755       -1.0279370481353941E-003
         306  0.88821462216728531       -1.0018045995308024E-003
         307  0.89007202628567228       -9.7477609331479546E-004
         308  0.89190907419798648       -9.4684913499153177E-004
         309  0.89372631055442420       -9.1802036563202864E-004
         310  0.89552426436420141       -8.8828490453767158E-004
         311  0.89730344959096975       -8.5763603986729821E-004
         312  0.89906436572308412       -8.2606537559159565E-004
         313  0.90080749831992590       -7.9356343543094104E-004
         314  0.90253331953544458       -7.6012059448617511E-004
         315  0.90424228862001610       -7.2572814448175916E-004
         316  0.90593485240164573       -6.9037923896902770E-004
         317  0.90761144574750485       -6.5406949222884564E-004
         318  0.90927249200674187       -6.1679711631584572E-004
         319  0.91091840343543717       -5.7856257368319852E-004
         320  0.91254958160456257       -5.3936783552733885E-004
         321  0.91416641779172592       -4.9921546522696601E-004
         322  0.91576929335747081       -4.5810768724511045E-004
         323  0.91735858010684534       -4.1604543635545527E-004
         324  0.91893464063692298       -3.7302745765042543E-004
         325  0.92049782867093244       -3.2904974054730993E-004
         326  0.92204848937960193       -2.8410552937701335E-004
         327  0.92358695969031857       -2.3818585599498054E-004
         328  0.92511356858464966       -1.9128036609489672E-004
         329  0.92662863738476409       -1.4337831432601432E-004
         330  0.92813248002925741       -9.4469724582130007E-005
         331  0.92962540333886001       -4.4546619647148185E-005
         332  0.93110770727248782        6.3959432049198164E-006
         333  0.93257968517407241        5.8359235305243492E-005
         334  0.93404162401058421        1.1134052547275490E-004
         335  0.93549380460164389        1.6533276532908512E-004
         336  0.93693650184110666        2.2032414574651901E-004
         337  0.93836998491096679        2.7629766520972932E-004
         338  0.93979451748793807        3.3323092965468527E-004
         339  0.94121035794303043        3.9109622623362250E-004
         340  0.94261775953443872        4.4986071939602144E-004
         341  0.94401697059403933        5.0948657908989504E-004
         342  0.94540823470778523        5.6993092521918204E-004
         343  0.94679179089026522        6.3114557178880625E-004
         344  0.94816787375369405        6.9307664098966514E-004
         345  0.94953671367158066        7.5566416361119780E-004
         346  0.95089853693730930        8.1884177359212629E-004
         347  0.95225356591786992        8.8253655410507146E-004
         348  0.95360201920294996        9.4666902655363031E-004
         349  0.95494411174959737        1.0111532274206594E-003
         350  0.95628005502266111        1.0758968157476821E-003
         351  0.95761005713119496        1.1408011817401933E-003
         352  0.95893432296101366        1.2057615523847563E-003
         353  0.96025305430357899        1.2706670927650232E-003
         354  0.96156644998138452        1.3354009863403538E-003
         355  0.96287470597000180        1.3998404689023387E-003
         356  0.96417801551695059        1.4638568032728845E-003
         357  0.96547656925753889        1.5273151969276760E-003
         358  0.96677055532782474        1.5900746697190434E-003
         359  0.96806015947483148        1.6519878948191408E-003
         360  0.96934556516416714        1.7129010708903300E-003
         361  0.97062695368516305        1.7726539044854270E-003
         362  0.97190450425366670        1.8310797647664652E-003
         363  0.97317839411261264        1.8880060318490414E-003
         364  0.97444879863048639        1.9432546190480157E-003
         365  0.97571589139779280        1.9966426262527470E-003
         366  0.97697984432164908        2.0479830954540333E-003
         367  0.97824082771860521        2.0970858976387006E-003
         368  0.97949901040579079        2.1437588646059814E-003
         369  0.98075455979050274        2.1878093484588965E-003
         370  0.98200764195832457        2.2290464078055126E-003
         371  0.98325842175987055        2.2672837951701556E-003
         372  0.98450706289626355        2.3023439234796856E-003
         373  0.98575372800342032        2.3340630805214384E-003
         374  0.98699857873524688        2.3622983298459393E-003
         375  0.98824177584583017        2.3869367201176561E-003
         376  0.98948347927070857        2.4079075499812046E-003
         377  0.99072384820730663        2.4251984190096594E-003
         378  0.99196304119462608        2.4388754737568368E-003
         379  0.99320121619226076        2.4491073259921342E-003
         380  0.99443853065883081        2.4561900942612997E-003
         381  0.99567514162990745        2.4605672559601067E-003
         382  0.99691120579551118        2.4628319941206512E-003
         383  0.99814687957726078        2.4636916682504819E-003
         384  0.99938231920525289        2.4638643727849380E-003
