           1 -0.99938231920525278        8.0064061289603669E-009
           2 -0.99814687957726034        1.6820383249997490E-007
           3 -0.99691120579551085        9.6989449583257501E-007
           4 -0.99567514162990700        3.0933598194882297E-006
           5 -0.99443853065883048        7.2197923014375330E-006
           6 -0.99320121619226032        1.3932225089213017E-005
           7 -0.99196304119462575        2.3677607834259363E-005
           8 -0.99072384820730630        3.6764253291267642E-005
           9 -0.98948347927070812        5.3377064041576852E-005
          10 -0.98824177584583006        7.3599358992951331E-005
          11 -0.98699857873524655        9.7435038984233747E-005
          12 -0.98575372800341998        1.2482816773920496E-004
          13 -0.98450706289626333        1.5567901493409271E-004
          14 -0.98325842175987022        1.8985660800642466E-004
          15 -0.98200764195832380        2.2720823775738372E-004
          16 -0.98075455979050263        2.6756644660799430E-004
          17 -0.97949901040579035        3.1075400705498285E-004
          18 -0.97824082771860488        3.5658738716818966E-004
          19 -0.97697984432164875        4.0487920473937988E-004
          20 -0.97571589139779236        4.5544012358941712E-004
          21 -0.97444879863048606        5.0808049981337076E-004
          22 -0.97317839411261264        5.6261189677872807E-004
          23 -0.97190450425366637        6.1884846519479021E-004
          24 -0.97062695368516239        6.7660817512605709E-004
          25 -0.96934556516416692        7.3571393419795991E-004
          26 -0.96806015947483104        7.9599464106550630E-004
          27 -0.96677055532782430        8.5728616381957495E-004
          28 -0.96547656925753889        9.1943213798675069E-004
          29 -0.96417801551695015        9.8228443765333798E-004
          30 -0.96287470597000147        1.0457032427655195E-003
          31 -0.96156644998138407        1.1095567714024871E-003
          32 -0.96025305430357866        1.1737208693621565E-003
          33 -0.95893432296101322        1.2380786563382202E-003
          34 -0.95761005713119463        1.3025203091312730E-003
          35 -0.95628005502266100        1.3669429250283247E-003
          36 -0.95494411174959692        1.4312503623296656E-003
          37 -0.95360201920294962        1.4953530007020678E-003
          38 -0.95225356591786958        1.5591674396313387E-003
          39 -0.95089853693730886        1.6226162073938589E-003
          40 -0.94953671367158021        1.6856275463824875E-003
          41 -0.94816787375369405        1.7481352512338042E-003
          42 -0.94679179089026488        1.8100784096740021E-003
          43 -0.94540823470778490        1.8714008611970348E-003
          44 -0.94401697059403922        1.9320503413308647E-003
          45 -0.94261775953443838        1.9919775239320226E-003
          46 -0.94121035794302998        2.0511352828993410E-003
          47 -0.93979451748793752        2.1094783707853227E-003
          48 -0.93836998491096635        2.1669634815303243E-003
          49 -0.93693650184110655        2.2235495051907955E-003
          50 -0.93549380460164355        2.2791977706984662E-003
          51 -0.93404162401058355        2.3338721713103772E-003
          52 -0.93257968517407241        2.3875391756539204E-003
          53 -0.93110770727248737        2.4401677684819036E-003
          54 -0.92962540333885957        2.4917293557238851E-003
          55 -0.92813248002925697        2.5421976665683851E-003
          56 -0.92662863738476375        2.5915487082271565E-003
          57 -0.92511356858464910        2.6397608576595377E-003
          58 -0.92358695969031812        2.6868151769984883E-003
          59 -0.92204848937960160        2.7326959682927479E-003
          60 -0.92049782867093199        2.7773914330106505E-003
          61 -0.91893464063692265        2.8208941745511218E-003
          62 -0.91735858010684490        2.8632012916785118E-003
          63 -0.91576929335747059        2.9043139659958774E-003
          64 -0.91416641779172547        2.9442366615602630E-003
          65 -0.91254958160456223        2.9829761962795061E-003
          66 -0.91091840343543673        3.0205409319971122E-003
          67 -0.90927249200674143        3.0569402018625967E-003
          68 -0.90761144574750463        3.0921839456475439E-003
          69 -0.90593485240164529        3.1262824337419531E-003
          70 -0.90424228862001577        3.1592459859267432E-003
          71 -0.90253331953544436        3.1910847408212926E-003
          72 -0.90080749831992546        3.2218086849612319E-003
          73 -0.89906436572308435        3.2514280759513162E-003
          74 -0.89730344959096964        3.2799540226241485E-003
          75 -0.89552426436420096        3.3073986792582838E-003
          76 -0.89372631055442397        3.3337747421562426E-003
          77 -0.89190907419798604        3.3590945409378231E-003
          78 -0.89007202628567161        3.3833693527728728E-003
          79 -0.88821462216728486        3.4066093921797601E-003
          80 -0.88633630092978710        3.4288244350707221E-003
          81 -0.88443648474763936        3.4500245603754044E-003
          82 -0.88251457820391011        3.4702204315016825E-003
          83 -0.88056996758064465        3.4894229957328875E-003
          84 -0.87860202011688882        3.5076430320166523E-003
          85 -0.87661008323268541        3.5248910910923260E-003
          86 -0.87459348371726342        3.5411779353191259E-003
          87 -0.87255152687953119        3.5565149273046937E-003
          88 -0.87048349565888938        3.5709137006285250E-003
          89 -0.86838864969425789        3.5843853077087151E-003
          90 -0.86626622434909895        3.5969397464993371E-003
          91 -0.86411542969008259        3.6085863500820150E-003
          92 -0.86193544941692346        3.6193348573180803E-003
          93 -0.85972543974075011        3.6291967371201361E-003
          94 -0.85748452820825283        3.6381863345866690E-003
          95 -0.85521181246866429        3.6463215109708387E-003
          96 -0.85290635898048384        3.6536235747718056E-003
          97 -0.85056720165467092        3.6601166437971165E-003
          98 -0.84819334043084860        3.6658270216413922E-003
          99 -0.84578373978286048        3.6707831283556763E-003
         100 -0.84333732714982113        3.6750157414707587E-003
         101 -0.84085299128858404        3.6785572403386251E-003
         102 -0.83832958054331586        3.6814388289066495E-003
         103 -0.83576590102763570        3.6836867245844630E-003
         104 -0.83316071471451847        3.6853195469139987E-003
         105 -0.83051273742890364        3.6863480247169311E-003
         106 -0.82782063673767470        3.6867770056903176E-003
         107 -0.82508302973138725        3.6866098400864093E-003
         108 -0.82229848069182498        3.6858535341547901E-003
         109 -0.81946549863915830        3.6845222149612584E-003
         110 -0.81658253475215070        3.6826392354573196E-003
         111 -0.81364797965454405        3.6802389269664816E-003
         112 -0.81066016056039847        3.6773662220958769E-003
         113 -0.80761733827082960        3.6740730288173208E-003
         114 -0.80451770401423983        3.6704136663832090E-003
         115 -0.80135937612176866        3.6664414585434275E-003
         116 -0.79814039652936319        3.6622070453284665E-003
         117 -0.79485872709750316        3.6577577974833591E-003
         118 -0.79151224573928691        3.6531353099113735E-003
         119 -0.78809874234726884        3.6483685098009427E-003
         120 -0.78461591450913304        3.6434659950268615E-003
         121 -0.78106136300203133        3.6384151262251812E-003
         122 -0.77743258705518636        3.6331883816106574E-003
         123 -0.77372697937019841        3.6277501840246847E-003
         124 -0.76994182088839680        3.6220630723701290E-003
         125 -0.76607427529456329        3.6160943514378665E-003
         126 -0.76212138324647294        3.6098164242243948E-003
         127 -0.75808005631991093        3.6031988399812843E-003
         128 -0.75394707065925137        3.5961999323109737E-003
         129 -0.74971906032426794        3.5887602899815074E-003
         130 -0.74539251032469467        3.5807992001828611E-003
         131 -0.74096374933519094        3.5722188706963044E-003
         132 -0.73642894208483789        3.5629215994684494E-003
         133 -0.73178408141718476        3.5528296323767707E-003
         134 -0.72702498001924531        3.5418892207392553E-003
         135 -0.72214726182080025        3.5300689354950455E-003
         136 -0.71714635306898966        3.5173649363099075E-003
         137 -0.71201747308764474        3.5037987851961926E-003
         138 -0.70675562473615705        3.4894025652192030E-003
         139 -0.70135558458918368        3.4742029353148213E-003
         140 -0.69581189286623890        3.4582134504991665E-003
         141 -0.69011884314946248        3.4414354867270637E-003
         142 -0.68427047193884349        3.4238599211587799E-003
         143 -0.67826054810712078        3.4054775283047789E-003
         144 -0.67208256233186514        3.3862781632640398E-003
         145 -0.66572971660009905        3.3662160233245983E-003
         146 -0.65919491390173901        3.3451939739341519E-003
         147 -0.65247074825240836        3.3231171185743431E-003
         148 -0.64554949521434124        3.2999530203448937E-003
         149 -0.63842310311659234        3.2757133334315640E-003
         150 -0.63108318521307105        3.2504087358915688E-003
         151 -0.62352101305960128        3.2240626747634324E-003
         152 -0.61572751143974935        3.1967396412985452E-003
         153 -0.60769325522401252        3.1684857871749836E-003
         154 -0.59940846860864516        3.1392330635305206E-003
         155 -0.59086302724910156        3.1087953424304457E-003
         156 -0.58204646387908454        3.0769632139986342E-003
         157 -0.57294797808929798        3.0436187338993104E-003
         158 -0.56355645102988250        3.0087803703718911E-003
         159 -0.55386046589619164        2.9725240038967721E-003
         160 -0.54384833515758180        2.9348624182181562E-003
         161 -0.53350813559095156        2.8957390770166843E-003
         162 -0.52282775228152945        2.8550201654727351E-003
         163 -0.51179493284837108        2.8125979906884683E-003
         164 -0.50039735323518231        2.7682021737571003E-003
         165 -0.48862269647056367        2.7211925162663698E-003
         166 -0.47645874583586578        2.6710077180394508E-003
         167 -0.46389349387150935        2.6175486958660557E-003
         168 -0.45091526858953856        2.5608416393502137E-003
         169 -0.43751287812475526        2.5008629416522488E-003
         170 -0.42367577483049901        2.4379581760931219E-003
         171 -0.40939423948804088        2.3728270366501839E-003
         172 -0.39465958583042959        2.3064975746497135E-003
         173 -0.37946438496369539        2.2404301894525976E-003
         174 -0.36380270848516605        2.1753055240558697E-003
         175 -0.34767038814165030        2.1100375341847376E-003
         176 -0.33106528874080277        2.0429075135116564E-003
         177 -0.31398758974273888        1.9732524059813067E-003
         178 -0.29644006955017288        1.9018251009404823E-003
         179 -0.27842838504072553        1.8305975902863144E-003
         180 -0.25996133742637151        1.7615774196541472E-003
         181 -0.24105111419015335        1.6960416672816138E-003
         182 -0.22171349577050903        1.6348768773614970E-003
         183 -0.20196801498678441        1.5789721161055315E-003
         184 -0.18183805707922696        1.5295015696152260E-003
         185 -0.16135088881549930        1.4871292311985080E-003
         186 -0.14053760650480074        1.4507951382591385E-003
         187 -0.11943299501841853        1.4189236999069938E-003
         188  -9.8075293026108956E-002   1.3913447335622514E-003
         189  -7.6505863516110439E-002   1.3687329883166539E-003
         190  -5.4768773072648047E-002   1.3516769725915104E-003
         191  -3.2910288050457481E-002   1.3407410617619739E-003
         192  -1.0978300356825565E-002   1.3361310482350394E-003
         193   1.0978300356826454E-002   1.3374310926923853E-003
         194   3.2910288050457259E-002   1.3440636559896037E-003
         195   5.4768773072645605E-002   1.3556169214273884E-003
         196   7.6505863516111328E-002   1.3725156711742611E-003
         197   9.8075293026108845E-002   1.3945631775750264E-003
         198  0.11943299501841698        1.4205369319965030E-003
         199  0.14053760650480163        1.4508778343318507E-003
         200  0.16135088881549908        1.4871068766984048E-003
         201  0.18183805707922573        1.5304647040935604E-003
         202  0.20196801498678418        1.5818722424554871E-003
         203  0.22171349577050870        1.6407038517764964E-003
         204  0.24105111419015102        1.7053279170710354E-003
         205  0.25996133742637140        1.7737037923206216E-003
         206  0.27842838504072542        1.8434058980966606E-003
         207  0.29644006955017077        1.9137545310627091E-003
         208  0.31398758974273955        1.9851917539332729E-003
         209  0.33106528874080254        2.0573427627664778E-003
         210  0.34767038814164830        2.1294493812844305E-003
         211  0.36380270848516694        2.2017804522046873E-003
         212  0.37946438496369517        2.2746177598190528E-003
         213  0.39465958583042848        2.3470267027764051E-003
         214  0.40939423948804166        2.4186334650128745E-003
         215  0.42367577483049890        2.4891362357272098E-003
         216  0.43751287812475459        2.5573849883125505E-003
         217  0.45091526858953923        2.6225767468666269E-003
         218  0.46389349387150958        2.6845609930188411E-003
         219  0.47645874583586445        2.7434395174913981E-003
         220  0.48862269647056378        2.7991443292029626E-003
         221  0.50039735323518242        2.8516586642930207E-003
         222  0.51179493284837019        2.9016628332824710E-003
         223  0.52282775228153011        2.9501146956948006E-003
         224  0.53350813559095167        2.9974956816174831E-003
         225  0.54384833515758091        3.0436942196883994E-003
         226  0.55386046589619231        3.0885384863645750E-003
         227  0.56355645102988250        3.1320648266188280E-003
         228  0.57294797808929765        3.1743669605247583E-003
         229  0.58204646387908521        3.2153451329670407E-003
         230  0.59086302724910178        3.2545411051335647E-003
         231  0.59940846860864494        3.2914787348876039E-003
         232  0.60769325522401285        3.3260450010182776E-003
         233  0.61572751143974935        3.3584642733527799E-003
         234  0.62352101305960117        3.3890670430125830E-003
         235  0.63108318521307116        3.4181157900947919E-003
         236  0.63842310311659278        3.4457669107842751E-003
         237  0.64554949521434080        3.4720662820699327E-003
         238  0.65247074825240881        3.4969523672038838E-003
         239  0.65919491390173945        3.5203645789197114E-003
         240  0.66572971660009861        3.5423551994181054E-003
         241  0.67208256233186559        3.5631061253703694E-003
         242  0.67826054810712111        3.5828774859496780E-003
         243  0.68427047193884305        3.6019387052421137E-003
         244  0.69011884314946315        3.6205134210036878E-003
         245  0.69581189286623890        3.6387325083484115E-003
         246  0.70135558458918390        3.6566070935291099E-003
         247  0.70675562473615750        3.6740458755824060E-003
         248  0.71201747308764474        3.6908920213540503E-003
         249  0.71714635306898944        3.7069645260690612E-003
         250  0.72214726182080069        3.7221131002980203E-003
         251  0.72702498001924565        3.7362670408617959E-003
         252  0.73178408141718432        3.7494470002989188E-003
         253  0.73642894208483800        3.7617382895498452E-003
         254  0.74096374933519105        3.7732475307119795E-003
         255  0.74539251032469456        3.7840686682208621E-003
         256  0.74971906032426827        3.7942740435280087E-003
         257  0.75394707065925148        3.8039225976928626E-003
         258  0.75808005631991082        3.8130685237048019E-003
         259  0.76212138324647349        3.8217614961256080E-003
         260  0.76607427529456373        3.8300375112968201E-003
         261  0.76994182088839658        3.8379065443166658E-003
         262  0.77372697937019885        3.8453486892313037E-003
         263  0.77743258705518681        3.8523229024070458E-003
         264  0.78106136300203155        3.8587775222681379E-003
         265  0.78461591450913337        3.8646541045886983E-003
         266  0.78809874234726918        3.8698924785786478E-003
         267  0.79151224573928691        3.8744395966263528E-003
         268  0.79485872709750360        3.8782546260409676E-003
         269  0.79814039652936319        3.8813098144924222E-003
         270  0.80135937612176877        3.8835911035140155E-003
         271  0.80451770401424016        3.8850969774237186E-003
         272  0.80761733827083004        3.8858347097597843E-003
         273  0.81066016056039825        3.8858167704763366E-003
         274  0.81364797965454483        3.8850583885736310E-003
         275  0.81658253475215115        3.8835760217691543E-003
         276  0.81946549863915807        3.8813861390418689E-003
         277  0.82229848069182543        3.8785033678865309E-003
         278  0.82508302973138736        3.8749384313779894E-003
         279  0.82782063673767503        3.8706970304498794E-003
         280  0.83051273742890430        3.8657800133924934E-003
         281  0.83316071471451880        3.8601842493924143E-003
         282  0.83576590102763593        3.8539036684420241E-003
         283  0.83832958054331619        3.8469301100157978E-003
         284  0.84085299128858404        3.8392533181451664E-003
         285  0.84333732714982124        3.8308606737847938E-003
         286  0.84578373978286114        3.8217379856408918E-003
         287  0.84819334043084904        3.8118706822035013E-003
         288  0.85056720165467103        3.8012439798321106E-003
         289  0.85290635898048417        3.7898422877897541E-003
         290  0.85521181246866473        3.7776489390784324E-003
         291  0.85748452820825283        3.7646466481906097E-003
         292  0.85972543974075077        3.7508184525844534E-003
         293  0.86193544941692379        3.7361489757141231E-003
         294  0.86411542969008304        3.7206257964561085E-003
         295  0.86626622434909928        3.7042400120986287E-003
         296  0.86838864969425833        3.6869852775575978E-003
         297  0.87048349565888983        3.6688560941212298E-003
         298  0.87255152687953186        3.6498468641776014E-003
         299  0.87459348371726375        3.6299523454326474E-003
         300  0.87661008323268552        3.6091687987374146E-003
         301  0.87860202011688915        3.5874945920456930E-003
         302  0.88056996758064510        3.5649296154934380E-003
         303  0.88251457820391011        3.5414739963175457E-003
         304  0.88443648474763981        3.5171271860715446E-003
         305  0.88633630092978755        3.4918879007980819E-003
         306  0.88821462216728531        3.4657544617763326E-003
         307  0.89007202628567228        3.4387249422826532E-003
         308  0.89190907419798648        3.4107969481111992E-003
         309  0.89372631055442420        3.3819671205575913E-003
         310  0.89552426436420141        3.3522305791490506E-003
         311  0.89730344959096975        3.3215806122998829E-003
         312  0.89906436572308412        3.2900088242793163E-003
         313  0.90080749831992590        3.2575057391753619E-003
         314  0.90253331953544458        3.2240617325700583E-003
         315  0.90424228862001610        3.1896680968282556E-003
         316  0.90593485240164573        3.1543179863153213E-003
         317  0.90761144574750485        3.1180070162602031E-003
         318  0.90927249200674187        3.0807333997224626E-003
         319  0.91091840343543717        3.0424976001442298E-003
         320  0.91254958160456257        3.0033015896495153E-003
         321  0.91416641779172592        2.9631479324670760E-003
         322  0.91576929335747081        2.9220388538392836E-003
         323  0.91735858010684534        2.8799752892454305E-003
         324  0.91893464063692298        2.8369559843683615E-003
         325  0.92049782867093244        2.7929769290483491E-003
         326  0.92204848937960193        2.7480313678569239E-003
         327  0.92358695969031857        2.7021103327319741E-003
         328  0.92511356858464966        2.6552034693254505E-003
         329  0.92662863738476409        2.6073000321682862E-003
         330  0.92813248002925741        2.5583900450592049E-003
         331  0.92962540333886001        2.5084655308742982E-003
         332  0.93110770727248782        2.4575215473456196E-003
         333  0.93257968517407241        2.4055568240828771E-003
         334  0.93404162401058421        2.3525740937090471E-003
         335  0.93549380460164389        2.2985804064909821E-003
         336  0.93693650184110666        2.2435875738135154E-003
         337  0.93836998491096679        2.1876125997390946E-003
         338  0.93979451748793807        2.1306778810837638E-003
         339  0.94121035794303043        2.0728111335546525E-003
         340  0.94261775953443872        2.0140451955677654E-003
         341  0.94401697059403933        1.9544178999564262E-003
         342  0.94540823470778523        1.8939721294452619E-003
         343  0.94679179089026522        1.8327560724638152E-003
         344  0.94816787375369405        1.7708236090502459E-003
         345  0.94953671367158066        1.7082347104577511E-003
         346  0.95089853693730930        1.6450557446489795E-003
         347  0.95225356591786992        1.5813596302710754E-003
         348  0.95360201920294996        1.5172258477181696E-003
         349  0.95494411174959737        1.4527403623321947E-003
         350  0.95628005502266111        1.3879955169566281E-003
         351  0.95761005713119496        1.3230899233439579E-003
         352  0.95893432296101366        1.2581283565269081E-003
         353  0.96025305430357899        1.1932216534655386E-003
         354  0.96156644998138452        1.1284866327125518E-003
         355  0.96287470597000180        1.0640460603939497E-003
         356  0.96417801551695059        1.0000286754559197E-003
         357  0.96547656925753889        9.3656927200319573E-004
         358  0.96677055532782474        8.7380883155430741E-004
         359  0.96806015947483148        8.1189468208781273E-004
         360  0.96934556516416714        7.5098062587069733E-004
         361  0.97062695368516305        6.9122695706760634E-004
         362  0.97190450425366670        6.3280030703924178E-004
         363  0.97317839411261264        5.7587329601050796E-004
         364  0.97444879863048639        5.2062401082078450E-004
         365  0.97571589139779280        4.6723535153144868E-004
         366  0.97697984432164908        4.1589427588211331E-004
         367  0.97824082771860521        3.6679091238614708E-004
         368  0.97949901040579079        3.2011742851120186E-004
         369  0.98075455979050274        2.7606647120013500E-004
         370  0.98200764195832457        2.3482898070916304E-004
         371  0.98325842175987055        1.9659120325748739E-004
         372  0.98450706289626355        1.6153072460915852E-004
         373  0.98575372800342032        1.2981125568511207E-004
         374  0.98699857873524688        1.0157573172253258E-004
         375  0.98824177584583017        7.6937102957605602E-005
         376  0.98948347927070857        5.5966069748238210E-005
         377  0.99072384820730663        3.8675031561243410E-005
         378  0.99196304119462608        2.4997840788552928E-005
         379  0.99320121619226076        1.4765884288599204E-005
         380  0.99443853065883081        7.6830414856468464E-006
         381  0.99567514162990745        3.3058318543730815E-006
         382  0.99691120579551118        1.0410676972452394E-006
         383  0.99814687957726078        1.8138314994043581E-007
         384  0.99938231920525289        8.6763909325538451E-009
