           1 -0.99938231920525278       -1.2520761493862853E-005
           2 -0.99814687957726034       -3.7601821473178389E-005
           3 -0.99691120579551085       -6.2758537953035441E-005
           4 -0.99567514162990700       -8.7967970961966245E-005
           5 -0.99443853065883048       -1.1314990253823562E-004
           6 -0.99320121619226032       -1.3816354868974044E-004
           7 -0.99196304119462575       -1.6279893615429863E-004
           8 -0.99072384820730630       -1.8676671595631251E-004
           9 -0.98948347927070812       -2.0969488212295152E-004
          10 -0.98824177584583006       -2.3113952575909555E-004
          11 -0.98699857873524655       -2.5061052358019251E-004
          12 -0.98575372800341998       -2.6760742472124223E-004
          13 -0.98450706289626333       -2.8165871742985392E-004
          14 -0.98325842175987022       -2.9235844076636356E-004
          15 -0.98200764195832380       -2.9939594721674231E-004
          16 -0.98075455979050263       -3.0257636134599689E-004
          17 -0.97949901040579035       -3.0183069602130960E-004
          18 -0.97824082771860488       -2.9721594146223503E-004
          19 -0.97697984432164875       -2.8890679920385670E-004
          20 -0.97571589139779236       -2.7718163954990906E-004
          21 -0.97444879863048606       -2.6240518560289824E-004
          22 -0.97317839411261264       -2.4500947430154224E-004
          23 -0.97190450425366637       -2.2547358950647449E-004
          24 -0.97062695368516239       -2.0430227712095643E-004
          25 -0.96934556516416692       -1.8200405993500768E-004
          26 -0.96806015947483104       -1.5907047117614319E-004
          27 -0.96677055532782430       -1.3595875749979254E-004
          28 -0.96547656925753889       -1.1308022674520857E-004
          29 -0.96417801551695015       -9.0795257189937452E-005
          30 -0.96287470597000147       -6.9414358255214634E-005
          31 -0.96156644998138407       -4.9203366446079335E-005
          32 -0.96025305430357866       -3.0390466494108074E-005
          33 -0.95893432296101322       -1.3173208720066940E-005
          34 -0.95761005713119463        2.2754959006979899E-006
          35 -0.95628005502266100        1.5802675451681771E-005
          36 -0.95494411174959692        2.7271543074632465E-005
          37 -0.95360201920294962        3.6558050210047794E-005
          38 -0.95225356591786958        4.3547500102170987E-005
          39 -0.95089853693730886        4.8131891783179451E-005
          40 -0.94953671367158021        5.0209283571182886E-005
          41 -0.94816787375369405        4.9686028000994093E-005
          42 -0.94679179089026488        4.6481314125715129E-005
          43 -0.94540823470778490        4.0532089081709197E-005
          44 -0.94401697059403922        3.1796368497065990E-005
          45 -0.94261775953443838        2.0254288865950643E-005
          46 -0.94121035794302998        5.9074796398560845E-006
          47 -0.93979451748793752       -1.1222973306956250E-005
          48 -0.93836998491096635       -3.1100797873622630E-005
          49 -0.93693650184110655       -5.3681756354988558E-005
          50 -0.93549380460164355       -7.8922808931395109E-005
          51 -0.93404162401058355       -1.0679063911658195E-004
          52 -0.93257968517407241       -1.3726708891792592E-004
          53 -0.93110770727248737       -1.7035037834233058E-004
          54 -0.92962540333885957       -2.0605201678043622E-004
          55 -0.92813248002925697       -2.4438972445876541E-004
          56 -0.92662863738476375       -2.8537728443082683E-004
          57 -0.92511356858464910       -3.2901311401728288E-004
          58 -0.92358695969031812       -3.7526949113261099E-004
          59 -0.92204848937960160       -4.2408341749621220E-004
          60 -0.92049782867093199       -4.7534897938882796E-004
          61 -0.91893464063692265       -5.2891080066490119E-004
          62 -0.91735858010684490       -5.8455882715796170E-004
          63 -0.91576929335747059       -6.4202562716579115E-004
          64 -0.91416641779172547       -7.0098795045447676E-004
          65 -0.91254958160456223       -7.6107377467941949E-004
          66 -0.91091840343543673       -8.2187414619101719E-004
          67 -0.90927249200674143       -8.8295685040597758E-004
          68 -0.90761144574750463       -9.4387884935053022E-004
          69 -0.90593485240164529       -1.0041974270275133E-003
          70 -0.90424228862001577       -1.0634825090200398E-003
          71 -0.90253331953544436       -1.1213310773358822E-003
          72 -0.90080749831992546       -1.1773821901191871E-003
          73 -0.89906436572308435       -1.2313319496003359E-003
          74 -0.89730344959096964       -1.2829476775367897E-003
          75 -0.89552426436420096       -1.3320764921620925E-003
          76 -0.89372631055442397       -1.3786425797195116E-003
          77 -0.89190907419798604       -1.4226339531558847E-003
          78 -0.89007202628567161       -1.4640863565063694E-003
          79 -0.88821462216728486       -1.5030711523930350E-003
          80 -0.88633630092978710       -1.5396865524320861E-003
          81 -0.88443648474763936       -1.5740469488057479E-003
          82 -0.88251457820391011       -1.6062673365507148E-003
          83 -0.88056996758064465       -1.6364419819934015E-003
          84 -0.87860202011688882       -1.6646172709238135E-003
          85 -0.87661008323268541       -1.6907632890345900E-003
          86 -0.87459348371726342       -1.7147545676245886E-003
          87 -0.87255152687953119       -1.7363723241864009E-003
          88 -0.87048349565888938       -1.7553357440947808E-003
          89 -0.86838864969425789       -1.7713545097615350E-003
          90 -0.86626622434909895       -1.7841784467313628E-003
          91 -0.86411542969008259       -1.7936254210484243E-003
          92 -0.86193544941692346       -1.7995916520842513E-003
          93 -0.85972543974075011       -1.8020576303803895E-003
          94 -0.85748452820825283       -1.8010944376460915E-003
          95 -0.85521181246866429       -1.7968727513253391E-003
          96 -0.85290635898048384       -1.7896740371115809E-003
          97 -0.85056720165467092       -1.7798887456754529E-003
          98 -0.84819334043084860       -1.7679846828605808E-003
          99 -0.84578373978286048       -1.7544499453050206E-003
         100 -0.84333732714982113       -1.7397315634176548E-003
         101 -0.84085299128858404       -1.7241904306827926E-003
         102 -0.83832958054331586       -1.7080796025323963E-003
         103 -0.83576590102763570       -1.6915332921192106E-003
         104 -0.83316071471451847       -1.6745484947576928E-003
         105 -0.83051273742890364       -1.6569518115931354E-003
         106 -0.82782063673767470       -1.6383552496753427E-003
         107 -0.82508302973138725       -1.6181145092955709E-003
         108 -0.82229848069182498       -1.5953073062985382E-003
         109 -0.81946549863915830       -1.5687649116035904E-003
         110 -0.81658253475215070       -1.5371929890598802E-003
         111 -0.81364797965454405       -1.4993643286131605E-003
         112 -0.81066016056039847       -1.4543087458258525E-003
         113 -0.80761733827082960       -1.4014220128003168E-003
         114 -0.80451770401423983       -1.3404571481373132E-003
         115 -0.80135937612176866       -1.2714432599283999E-003
         116 -0.79814039652936319       -1.1946296495869175E-003
         117 -0.79485872709750316       -1.1104778657926508E-003
         118 -0.79151224573928691       -1.0196417253417033E-003
         119 -0.78809874234726884       -9.2290640479973066E-004
         120 -0.78461591450913304       -8.2111340623772461E-004
         121 -0.78106136300203133       -7.1510700640856485E-004
         122 -0.77743258705518636       -6.0575973898930702E-004
         123 -0.77372697937019841       -4.9412538406208963E-004
         124 -0.76994182088839680       -3.8156486216800136E-004
         125 -0.76607427529456329       -2.6956686606744400E-004
         126 -0.76212138324647294       -1.5931650465949473E-004
         127 -0.75808005631991093       -5.1412951966497129E-005
         128 -0.75394707065925137        5.4031111127868922E-005
         129 -0.74971906032426794        1.5694032994154549E-004
         130 -0.74539251032469467        2.5679174756594299E-004
         131 -0.74096374933519094        3.5264105121507239E-004
         132 -0.73642894208483789        4.4364861675879800E-004
         133 -0.73178408141718476        5.2948774009612244E-004
         134 -0.72702498001924531        6.1023657144716769E-004
         135 -0.72214726182080025        6.8593612677334144E-004
         136 -0.71714635306898966        7.5613869135340340E-004
         137 -0.71201747308764474        8.1952896635303159E-004
         138 -0.70675562473615705        8.7393616287228962E-004
         139 -0.70135558458918368        9.1734498827380617E-004
         140 -0.69581189286623890        9.4939749597477475E-004
         141 -0.69011884314946248        9.7211355306021116E-004
         142 -0.68427047193884349        9.8958005266539906E-004
         143 -0.67826054810712078        1.0068357685310964E-003
         144 -0.67208256233186514        1.0282619124880998E-003
         145 -0.66572971660009905        1.0568993868529273E-003
         146 -0.65919491390173901        1.0948995232774304E-003
         147 -0.65247074825240836        1.1432955430058073E-003
         148 -0.64554949521434124        1.2017696286711903E-003
         149 -0.63842310311659234        1.2684313193468424E-003
         150 -0.63108318521307105        1.3385649703181268E-003
         151 -0.62352101305960128        1.4052051723213719E-003
         152 -0.61572751143974935        1.4595022658316058E-003
         153 -0.60769325522401252        1.4908444757724870E-003
         154 -0.59940846860864516        1.4941162409745305E-003
         155 -0.59086302724910156        1.4747665899514442E-003
         156 -0.58204646387908454        1.4442190379764964E-003
         157 -0.57294797808929798        1.4133518016067404E-003
         158 -0.56355645102988250        1.3891904496949813E-003
         159 -0.55386046589619164        1.3789664168222361E-003
         160 -0.54384833515758180        1.3883208668711319E-003
         161 -0.53350813559095156        1.4158620822064013E-003
         162 -0.52282775228152945        1.4546842853053433E-003
         163 -0.51179493284837108        1.5056791653425756E-003
         164 -0.50039735323518231        1.5858093811916922E-003
         165 -0.48862269647056367        1.7160682199654502E-003
         166 -0.47645874583586578        1.8933022370167159E-003
         167 -0.46389349387150935        2.0783196959955003E-003
         168 -0.45091526858953856        2.2328693057420261E-003
         169 -0.43751287812475526        2.3409171578042294E-003
         170 -0.42367577483049901        2.3872760314972334E-003
         171 -0.40939423948804088        2.3448403897842873E-003
         172 -0.39465958583042959        2.2145259769319270E-003
         173 -0.37946438496369539        2.0075085474372065E-003
         174 -0.36380270848516605        1.7249789595930522E-003
         175 -0.34767038814165030        1.3850504517181456E-003
         176 -0.33106528874080277        9.9787148120822756E-004
         177 -0.31398758974273888        5.5563412154589948E-004
         178 -0.29644006955017288        9.9037083710559623E-005
         179 -0.27842838504072553       -2.4468484336269674E-004
         180 -0.25996133742637151       -4.0250443002983523E-004
         181 -0.24105111419015335       -4.2526431165003619E-004
         182 -0.22171349577050903       -3.8724458424446099E-004
         183 -0.20196801498678441       -3.1735110042805574E-004
         184 -0.18183805707922696       -2.0143179750185198E-004
         185 -0.16135088881549930       -2.1108887107421092E-006
         186 -0.14053760650480074        2.4071070332505048E-004
         187 -0.11943299501841853        4.2657148128300942E-004
         188  -9.8075293026108956E-002   5.0517601355128008E-004
         189  -7.6505863516110439E-002   5.1950688460824308E-004
         190  -5.4768773072648047E-002   5.3929192365811019E-004
         191  -3.2910288050457481E-002   6.0097811208272933E-004
         192  -1.0978300356825565E-002   7.0284671708408723E-004
         193   1.0978300356826454E-002   8.1425840012571641E-004
         194   3.2910288050457259E-002   8.7406245167714718E-004
         195   5.4768773072645605E-002   7.9211248181648469E-004
         196   7.6505863516111328E-002   5.6054494627614680E-004
         197   9.8075293026108845E-002   2.7132546709763802E-004
         198  0.11943299501841698       -3.4665031252603161E-005
         199  0.14053760650480163       -3.3896023608934422E-004
         200  0.16135088881549908       -5.9434948176450913E-004
         201  0.18183805707922573       -7.8925537529010313E-004
         202  0.20196801498678418       -9.2712533022528613E-004
         203  0.22171349577050870       -1.0107378319896673E-003
         204  0.24105111419015102       -1.0650270459012714E-003
         205  0.25996133742637140       -1.1054650281816551E-003
         206  0.27842838504072542       -1.1648257855709642E-003
         207  0.29644006955017077       -1.2434680491105923E-003
         208  0.31398758974273955       -1.3151000063783328E-003
         209  0.33106528874080254       -1.3446498851669340E-003
         210  0.34767038814164830       -1.3051966410231647E-003
         211  0.36380270848516694       -1.1806867766628979E-003
         212  0.37946438496369517       -9.7101078561850614E-004
         213  0.39465958583042848       -7.2430694900789915E-004
         214  0.40939423948804166       -5.2591856527624910E-004
         215  0.42367577483049890       -4.2080193455442809E-004
         216  0.43751287812475459       -4.0483069744663865E-004
         217  0.45091526858953923       -4.6257043165198167E-004
         218  0.46389349387150958       -5.6787553849833286E-004
         219  0.47645874583586445       -6.8602428346117795E-004
         220  0.48862269647056378       -7.9335660302369928E-004
         221  0.50039735323518242       -8.7579903459021873E-004
         222  0.51179493284837019       -9.2462714735404013E-004
         223  0.52282775228153011       -9.5288861351795762E-004
         224  0.53350813559095167       -9.8714094031517605E-004
         225  0.54384833515758091       -1.0405537148688048E-003
         226  0.55386046589619231       -1.1125407322502823E-003
         227  0.56355645102988250       -1.1968635295790061E-003
         228  0.57294797808929765       -1.2820630262857476E-003
         229  0.58204646387908521       -1.3607291755991335E-003
         230  0.59086302724910178       -1.4284715788493161E-003
         231  0.59940846860864494       -1.4780963668160683E-003
         232  0.60769325522401285       -1.5004761538078679E-003
         233  0.61572751143974935       -1.4884931812204553E-003
         234  0.62352101305960117       -1.4443964946686807E-003
         235  0.63108318521307116       -1.3784051238142285E-003
         236  0.63842310311659278       -1.2985523838043645E-003
         237  0.64554949521434080       -1.2085247949100311E-003
         238  0.65247074825240881       -1.1101571532355354E-003
         239  0.65919491390173945       -1.0048595385400891E-003
         240  0.66572971660009861       -8.9544763409976700E-004
         241  0.67208256233186559       -7.8604613074020999E-004
         242  0.67826054810712111       -6.8002067045931072E-004
         243  0.68427047193884305       -5.7905211224868521E-004
         244  0.69011884314946315       -4.8392552744990993E-004
         245  0.69581189286623890       -3.9522872988454697E-004
         246  0.70135558458918390       -3.1358198767016652E-004
         247  0.70675562473615750       -2.3971499024630613E-004
         248  0.71201747308764474       -1.7411428756476855E-004
         249  0.71714635306898944       -1.1648053074046016E-004
         250  0.72214726182080069       -6.5855025873068633E-005
         251  0.72702498001924565       -2.1211903988004855E-005
         252  0.73178408141718432        1.8383186366060344E-005
         253  0.73642894208483800        5.4022002572089242E-005
         254  0.74096374933519105        8.7015278759328276E-005
         255  0.74539251032469456        1.1851132550885581E-004
         256  0.74971906032426827        1.4912703765423169E-004
         257  0.75394707065925148        1.7910274433995081E-004
         258  0.75808005631991082        2.0880459758711658E-004
         259  0.76212138324647349        2.3907028421752365E-004
         260  0.76607427529456373        2.7107316712287591E-004
         261  0.76994182088839658        3.0576878386677487E-004
         262  0.77372697937019885        3.4341216899458750E-004
         263  0.77743258705518681        3.8357917651114164E-004
         264  0.78106136300203155        4.2548098993701262E-004
         265  0.78461591450913337        4.6817812939399289E-004
         266  0.78809874234726918        5.1070924956816315E-004
         267  0.79151224573928691        5.5225517416754484E-004
         268  0.79485872709750360        5.9229603445499113E-004
         269  0.79814039652936319        6.3069816129500704E-004
         270  0.80135937612176877        6.6764825386144463E-004
         271  0.80451770401424016        7.0345238022977478E-004
         272  0.80761733827083004        7.3839182893824348E-004
         273  0.81066016056039825        7.7269500408970427E-004
         274  0.81364797965454483        8.0652801986393703E-004
         275  0.81658253475215115        8.3995089625080470E-004
         276  0.81946549863915807        8.7287821339479023E-004
         277  0.82229848069182543        9.0508829502482474E-004
         278  0.82508302973138736        9.3627977873148808E-004
         279  0.82782063673767503        9.6615635921568966E-004
         280  0.83051273742890430        9.9450203039657932E-004
         281  0.83316071471451880        1.0211984458310124E-003
         282  0.83576590102763593        1.0461950682049430E-003
         283  0.83832958054331619        1.0694956329277015E-003
         284  0.84085299128858404        1.0911726344949107E-003
         285  0.84333732714982124        1.1113670537823128E-003
         286  0.84578373978286114        1.1302676905084606E-003
         287  0.84819334043084904        1.1480904135817479E-003
         288  0.85056720165467103        1.1650451784280848E-003
         289  0.85290635898048417        1.1812852472182322E-003
         290  0.85521181246866473        1.1968757041666597E-003
         291  0.85748452820825283        1.2118094636888333E-003
         292  0.85972543974075077        1.2260518190174608E-003
         293  0.86193544941692379        1.2395795643139703E-003
         294  0.86411542969008304        1.2524061356290858E-003
         295  0.86626622434909928        1.2646008527448362E-003
         296  0.86838864969425833        1.2762986328077003E-003
         297  0.87048349565888983        1.2876911113942136E-003
         298  0.87255152687953186        1.2990026971717715E-003
         299  0.87459348371726375        1.3104619868592605E-003
         300  0.87661008323268552        1.3222788675887026E-003
         301  0.87860202011688915        1.3346384803461519E-003
         302  0.88056996758064510        1.3477150415949313E-003
         303  0.88251457820391011        1.3616928181365015E-003
         304  0.88443648474763981        1.3767766645217065E-003
         305  0.88633630092978755        1.3931859222619885E-003
         306  0.88821462216728531        1.4111399646276916E-003
         307  0.89007202628567228        1.4308464093976455E-003
         308  0.89190907419798648        1.4524935611152415E-003
         309  0.89372631055442420        1.4762426425493002E-003
         310  0.89552426436420141        1.5022198043619938E-003
         311  0.89730344959096975        1.5305111006306991E-003
         312  0.89906436572308412        1.5611601873953647E-003
         313  0.90080749831992590        1.5941662751984235E-003
         314  0.90253331953544458        1.6294827351647650E-003
         315  0.90424228862001610        1.6670189419642246E-003
         316  0.90593485240164573        1.7066448515202285E-003
         317  0.90761144574750485        1.7481941552513884E-003
         318  0.90927249200674187        1.7914641183221353E-003
         319  0.91091840343543717        1.8362163722022210E-003
         320  0.91254958160456257        1.8821849190146750E-003
         321  0.91416641779172592        1.9290922762681920E-003
         322  0.91576929335747081        1.9766683559582767E-003
         323  0.91735858010684534        2.0246662369215085E-003
         324  0.91893464063692298        2.0728725484399947E-003
         325  0.92049782867093244        2.1211122688004607E-003
         326  0.92204848937960193        2.1692479091854340E-003
         327  0.92358695969031857        2.2171732449278586E-003
         328  0.92511356858464966        2.2648021973225769E-003
         329  0.92662863738476409        2.3120542035884239E-003
         330  0.92813248002925741        2.3588387545139056E-003
         331  0.92962540333886001        2.4050431294593100E-003
         332  0.93110770727248782        2.4505272118647034E-003
         333  0.93257968517407241        2.4951265359945984E-003
         334  0.93404162401058421        2.5386610187176093E-003
         335  0.93549380460164389        2.5809456981067324E-003
         336  0.93693650184110666        2.6218017749141632E-003
         337  0.93836998491096679        2.6610677832387829E-003
         338  0.93979451748793807        2.6986096268249242E-003
         339  0.94121035794303043        2.7343267733470978E-003
         340  0.94261775953443872        2.7681528516428260E-003
         341  0.94401697059403933        2.8000515026918816E-003
         342  0.94540823470778523        2.8300098416557786E-003
         343  0.94679179089026522        2.8580311361360257E-003
         344  0.94816787375369405        2.8841266255816328E-003
         345  0.94953671367158066        2.9083057419880542E-003
         346  0.95089853693730930        2.9305648392413623E-003
         347  0.95225356591786992        2.9508756961384177E-003
         348  0.95360201920294996        2.9691752376975675E-003
         349  0.95494411174959737        2.9853571598537059E-003
         350  0.95628005502266111        2.9992653871745529E-003
         351  0.95761005713119496        3.0106891322299384E-003
         352  0.95893432296101366        3.0193596185669551E-003
         353  0.96025305430357899        3.0249488969697883E-003
         354  0.96156644998138452        3.0270713538427963E-003
         355  0.96287470597000180        3.0252883018514459E-003
         356  0.96417801551695059        3.0191154379599562E-003
         357  0.96547656925753889        3.0080322767011077E-003
         358  0.96677055532782474        2.9914925217959863E-003
         359  0.96806015947483148        2.9689350926541394E-003
         360  0.96934556516416714        2.9397966918714149E-003
         361  0.97062695368516305        2.9035272555295679E-003
         362  0.97190450425366670        2.8596087824603223E-003
         363  0.97317839411261264        2.8075766089373623E-003
         364  0.97444879863048639        2.7470412665727604E-003
         365  0.97571589139779280        2.6777088264641142E-003
         366  0.97697984432164908        2.5993977876651786E-003
         367  0.97824082771860521        2.5120511635978540E-003
         368  0.97949901040579079        2.4157434134448839E-003
         369  0.98075455979050274        2.3106825608348405E-003
         370  0.98200764195832457        2.1972075859117441E-003
         371  0.98325842175987055        2.0757803059707129E-003
         372  0.98450706289626355        1.9469706335138583E-003
         373  0.98575372800342032        1.8114352045122818E-003
         374  0.98699857873524688        1.6698915628812420E-003
         375  0.98824177584583017        1.5230918593042565E-003
         376  0.98948347927070857        1.3717998751763460E-003
         377  0.99072384820730663        1.2167730051314792E-003
         378  0.99196304119462608        1.0587480108121621E-003
         379  0.99320121619226076        8.9842736137044391E-004
         380  0.99443853065883081        7.3646224718910025E-004
         381  0.99567514162990745        5.7342909014026903E-004
         382  0.99691120579551118        4.0979993892444169E-004
         383  0.99814687957726078        2.4591467779355828E-004
         384  0.99938231920525289        8.1969663221113080E-005
