           1 -0.99938231920525278        2.1837572168358788E-006
           2 -0.99814687957726034        6.5697665220494901E-006
           3 -0.99691120579551085        1.1036318604548259E-005
           4 -0.99567514162990700        1.5673762782442448E-005
           5 -0.99443853065883048        2.0580756530507405E-005
           6 -0.99320121619226032        2.5839811793024635E-005
           7 -0.99196304119462575        3.1495960271497216E-005
           8 -0.99072384820730630        3.7545093910754438E-005
           9 -0.98948347927070812        4.3934396306335862E-005
          10 -0.98824177584583006        5.0572826513738407E-005
          11 -0.98699857873524655        5.7347279790949996E-005
          12 -0.98575372800341998        6.4140033937550936E-005
          13 -0.98450706289626333        7.0844227688472122E-005
          14 -0.98325842175987022        7.7375371540712649E-005
          15 -0.98200764195832380        8.3677914239934211E-005
          16 -0.98075455979050263        8.9726744852665848E-005
          17 -0.97949901040579035        9.5524271763996332E-005
          18 -0.97824082771860488        1.0109431317629216E-004
          19 -0.97697984432164875        1.0647432205709337E-004
          20 -0.97571589139779236        1.1170738951387846E-004
          21 -0.97444879863048606        1.1683510064555167E-004
          22 -0.97317839411261264        1.2189183185657153E-004
          23 -0.97190450425366637        1.2690065812770513E-004
          24 -0.97062695368516239        1.3187077638914454E-004
          25 -0.96934556516416692        1.3679622956237482E-004
          26 -0.96806015947483104        1.4165567135123014E-004
          27 -0.96677055532782430        1.4641291727847082E-004
          28 -0.96547656925753889        1.5101809600702316E-004
          29 -0.96417801551695015        1.5540933274911758E-004
          30 -0.96287470597000147        1.5951499277274471E-004
          31 -0.96156644998138407        1.6325652822660294E-004
          32 -0.96025305430357866        1.6655192588486522E-004
          33 -0.95893432296101322        1.6931969752527536E-004
          34 -0.95761005713119463        1.7148327946263421E-004
          35 -0.95628005502266100        1.7297557901507126E-004
          36 -0.95494411174959692        1.7374327787892757E-004
          37 -0.95360201920294962        1.7375050549283359E-004
          38 -0.95225356591786958        1.7298167097644813E-004
          39 -0.95089853693730886        1.7144343986267722E-004
          40 -0.94953671367158021        1.6916583503408727E-004
          41 -0.94816787375369405        1.6620219772983628E-004
          42 -0.94679179089026488        1.6262757802971902E-004
          43 -0.94540823470778490        1.5853544514162599E-004
          44 -0.94401697059403922        1.5403342213371585E-004
          45 -0.94261775953443838        1.4923948717282946E-004
          46 -0.94121035794302998        1.4428005935885531E-004
          47 -0.93979451748793752        1.3929045799491991E-004
          48 -0.93836998491096635        1.3441691139335724E-004
          49 -0.93693650184110655        1.2981831178586007E-004
          50 -0.93549380460164355        1.2566572964568243E-004
          51 -0.93404162401058355        1.2213841323484596E-004
          52 -0.93257968517407241        1.1941634274968761E-004
          53 -0.93110770727248737        1.1767077743863314E-004
          54 -0.92962540333885957        1.1705490329596896E-004
          55 -0.92813248002925697        1.1769624622410176E-004
          56 -0.92662863738476375        1.1969127572915052E-004
          57 -0.92511356858464910        1.2310164453629345E-004
          58 -0.92358695969031812        1.2795171838220031E-004
          59 -0.92204848937960160        1.3422791668628705E-004
          60 -0.92049782867093199        1.4188031128579913E-004
          61 -0.91893464063692265        1.5082567600055571E-004
          62 -0.91735858010684490        1.6095054905006063E-004
          63 -0.91576929335747059        1.7211407686080926E-004
          64 -0.91416641779172547        1.8415209401559390E-004
          65 -0.91254958160456223        1.9688393706621062E-004
          66 -0.91091840343543673        2.1012174484644056E-004
          67 -0.90927249200674143        2.2368018924176885E-004
          68 -0.90761144574750463        2.3738426276293992E-004
          69 -0.90593485240164529        2.5107406623711508E-004
          70 -0.90424228862001577        2.6460740909536618E-004
          71 -0.90253331953544436        2.7786195934949190E-004
          72 -0.90080749831992546        2.9073780509430433E-004
          73 -0.89906436572308435        3.0315934441083080E-004
          74 -0.89730344959096964        3.1507418580514475E-004
          75 -0.89552426436420096        3.2644722734652355E-004
          76 -0.89372631055442397        3.3725008423576342E-004
          77 -0.89190907419798604        3.4744893417486727E-004
          78 -0.89007202628567161        3.5699616210845702E-004
          79 -0.88821462216728486        3.6583055344825558E-004
          80 -0.88633630092978710        3.7388667070720985E-004
          81 -0.88443648474763936        3.8110913129527747E-004
          82 -0.88251457820391011        3.8746507772363838E-004
          83 -0.88056996758064465        3.9294954928901051E-004
          84 -0.87860202011688882        3.9758309618490923E-004
          85 -0.87661008323268541        4.0140538671392626E-004
          86 -0.87459348371726342        4.0446787481058513E-004
          87 -0.87255152687953119        4.0682448691553461E-004
          88 -0.87048349565888938        4.0851944098785803E-004
          89 -0.86838864969425789        4.0957622186056582E-004
          90 -0.86626622434909895        4.0999402640195810E-004
          91 -0.86411542969008259        4.0975495250482346E-004
          92 -0.86193544941692346        4.0883970306946444E-004
          93 -0.85972543974075011        4.0724350120098794E-004
          94 -0.85748452820825283        4.0498117176349720E-004
          95 -0.85521181246866429        4.0207837734368960E-004
          96 -0.85290635898048384        3.9856059951872693E-004
          97 -0.85056720165467092        3.9445286810566434E-004
          98 -0.84819334043084860        3.8978899025783766E-004
          99 -0.84578373978286048        3.8462100273328628E-004
         100 -0.84333732714982113        3.7902490180143907E-004
         101 -0.84085299128858404        3.7310568582655092E-004
         102 -0.83832958054331586        3.6700580270432879E-004
         103 -0.83576590102763570        3.6091558880140266E-004
         104 -0.83316071471451847        3.5507937941609404E-004
         105 -0.83051273742890364        3.4979360698216043E-004
         106 -0.82782063673767470        3.4539659847449103E-004
         107 -0.82508302973138725        3.4224927768396397E-004
         108 -0.82229848069182498        3.4070951087291902E-004
         109 -0.81946549863915830        3.4111032356178104E-004
         110 -0.81658253475215070        3.4375065212565868E-004
         111 -0.81364797965454405        3.4889140535484479E-004
         112 -0.81066016056039847        3.5673856945376138E-004
         113 -0.80761733827082960        3.6741084607765399E-004
         114 -0.80451770401423983        3.8091233080052447E-004
         115 -0.80135937612176866        3.9713075854928891E-004
         116 -0.79814039652936319        4.1586073222672581E-004
         117 -0.79485872709750316        4.3682675149191250E-004
         118 -0.79151224573928691        4.5969106922731667E-004
         119 -0.78809874234726884        4.8407021582387545E-004
         120 -0.78461591450913304        5.0958237137717431E-004
         121 -0.78106136300203133        5.3591542412331577E-004
         122 -0.77743258705518636        5.6285646436216312E-004
         123 -0.77372697937019841        5.9021352815247425E-004
         124 -0.76994182088839680        6.1770415303324087E-004
         125 -0.76607427529456329        6.4492989228143757E-004
         126 -0.76212138324647294        6.7141054015242832E-004
         127 -0.75808005631991093        6.9664483940284449E-004
         128 -0.75394707065925137        7.2020609643014765E-004
         129 -0.74971906032426794        7.4180018550778419E-004
         130 -0.74539251032469467        7.6120436950580933E-004
         131 -0.74096374933519094        7.7811099811216729E-004
         132 -0.73642894208483789        7.9195793757767352E-004
         133 -0.73178408141718476        8.0182024921222352E-004
         134 -0.72702498001924531        8.0638299821001564E-004
         135 -0.72214726182080025        8.0392810739871035E-004
         136 -0.71714635306898966        7.9234338146360033E-004
         137 -0.71201747308764474        7.6929448140860678E-004
         138 -0.70675562473615705        7.3270092727024331E-004
         139 -0.70135558458918368        6.8149701027276320E-004
         140 -0.69581189286623890        6.1640210219663641E-004
         141 -0.69011884314946248        5.4033891549161157E-004
         142 -0.68427047193884349        4.5808526827572396E-004
         143 -0.67826054810712078        3.7491222579548271E-004
         144 -0.67208256233186514        2.9469381311144342E-004
         145 -0.66572971660009905        2.1868019582682057E-004
         146 -0.65919491390173901        1.4565249009904638E-004
         147 -0.65247074825240836        7.2851931558413265E-005
         148 -0.64554949521434124       -2.5122080813427500E-006
         149 -0.63842310311659234       -8.1265350133651200E-005
         150 -0.63108318521307105       -1.6145712735950640E-004
         151 -0.62352101305960128       -2.4037875718827635E-004
         152 -0.61572751143974935       -3.1765463745869066E-004
         153 -0.60769325522401252       -3.9428623952102632E-004
         154 -0.59940846860864516       -4.6955793720891573E-004
         155 -0.59086302724910156       -5.4077967851811151E-004
         156 -0.58204646387908454       -6.0539512594587038E-004
         157 -0.57294797808929798       -6.6345419832589331E-004
         158 -0.56355645102988250       -7.1676736192283447E-004
         159 -0.55386046589619164       -7.6734273085795051E-004
         160 -0.54384833515758180       -8.1833085409957625E-004
         161 -0.53350813559095156       -8.7340615190197870E-004
         162 -0.52282775228152945       -9.3296246818005166E-004
         163 -0.51179493284837108       -9.9358563066619674E-004
         164 -0.50039735323518231       -1.0500078932123679E-003
         165 -0.48862269647056367       -1.0938741769789427E-003
         166 -0.47645874583586578       -1.1143370028794653E-003
         167 -0.46389349387150935       -1.1032229891375204E-003
         168 -0.45091526858953856       -1.0623674759681757E-003
         169 -0.43751287812475526       -1.0015419993763279E-003
         170 -0.42367577483049901       -9.3080049025600958E-004
         171 -0.40939423948804088       -8.5700739375866068E-004
         172 -0.39465958583042959       -7.8460503504746446E-004
         173 -0.37946438496369539       -7.1679709282760739E-004
         174 -0.36380270848516605       -6.4541944973024897E-004
         175 -0.34767038814165030       -5.5637520413592790E-004
         176 -0.33106528874080277       -4.4283623021748901E-004
         177 -0.31398758974273888       -3.1228302234308897E-004
         178 -0.29644006955017288       -1.8305667792322633E-004
         179 -0.27842838504072553       -5.6367036069357087E-005
         180 -0.25996133742637151        7.6018067184027713E-005
         181 -0.24105111419015335        2.1026422344345524E-004
         182 -0.22171349577050903        3.3622784155371965E-004
         183 -0.20196801498678441        4.5384510291271630E-004
         184 -0.18183805707922696        5.6540011726318405E-004
         185 -0.16135088881549930        6.7290610808044501E-004
         186 -0.14053760650480074        7.8063599941830106E-004
         187 -0.11943299501841853        8.9150530605412140E-004
         188  -9.8075293026108956E-002   9.9820622610223499E-004
         189  -7.6505863516110439E-002   1.0743609107566074E-003
         190  -5.4768773072648047E-002   1.0991666753036255E-003
         191  -3.2910288050457481E-002   1.0742149584103175E-003
         192  -1.0978300356825565E-002   1.0147372928054317E-003
         193   1.0978300356826454E-002   9.3243217425522556E-004
         194   3.2910288050457259E-002   8.2986607582862253E-004
         195   5.4768773072645605E-002   7.1411378722308343E-004
         196   7.6505863516111328E-002   6.0576614121619042E-004
         197   9.8075293026108845E-002   5.2588877352927445E-004
         198  0.11943299501841698        4.7980548719915442E-004
         199  0.14053760650480163        4.6602764657604898E-004
         200  0.16135088881549908        4.8198753381443983E-004
         201  0.18183805707922573        5.1385023660686956E-004
         202  0.20196801498678418        5.4571412921851608E-004
         203  0.22171349577050870        5.8093473489325787E-004
         204  0.24105111419015102        6.2740845401769788E-004
         205  0.25996133742637140        6.7675224989884194E-004
         206  0.27842838504072542        7.0562666626739629E-004
         207  0.29644006955017077        6.9511741660553466E-004
         208  0.31398758974273955        6.4754897976995122E-004
         209  0.33106528874080254        5.7666954177669981E-004
         210  0.34767038814164830        4.8585272185543420E-004
         211  0.36380270848516694        3.7133030949766178E-004
         212  0.37946438496369517        2.3114928994243496E-004
         213  0.39465958583042848        6.5803810422560691E-005
         214  0.40939423948804166       -1.1149907116652822E-004
         215  0.42367577483049890       -2.7561763773552571E-004
         216  0.43751287812475459       -4.0911862189720586E-004
         217  0.45091526858953923       -5.0950332554621424E-004
         218  0.46389349387150958       -5.8182206315614520E-004
         219  0.47645874583586445       -6.3307252534604850E-004
         220  0.48862269647056378       -6.6871389295545158E-004
         221  0.50039735323518242       -6.8485476616663506E-004
         222  0.51179493284837019       -6.6997317370407362E-004
         223  0.52282775228153011       -6.1856735543379567E-004
         224  0.53350813559095167       -5.3576120415231424E-004
         225  0.54384833515758091       -4.2997175218381487E-004
         226  0.55386046589619231       -3.1373478921017342E-004
         227  0.56355645102988250       -2.0445320784482496E-004
         228  0.57294797808929765       -1.1461940163394082E-004
         229  0.58204646387908521       -4.6035525122062420E-005
         230  0.59086302724910178        6.3469147927916646E-006
         231  0.59940846860864494        4.6980523202693282E-005
         232  0.60769325522401285        7.8195741990699967E-005
         233  0.61572751143974935        1.0277782757861795E-004
         234  0.62352101305960117        1.2351585040151200E-004
         235  0.63108318521307116        1.4203346969599636E-004
         236  0.63842310311659278        1.5934085327259378E-004
         237  0.64554949521434080        1.7574755926757149E-004
         238  0.65247074825240881        1.8998879616976806E-004
         239  0.65919491390173945        1.9978896051175182E-004
         240  0.66572971660009861        2.0328798179540842E-004
         241  0.67208256233186559        1.9985322675038203E-004
         242  0.67826054810712111        1.9027204479521174E-004
         243  0.68427047193884305        1.7596233352577101E-004
         244  0.69011884314946315        1.5765830064628014E-004
         245  0.69581189286623890        1.3493999225555058E-004
         246  0.70135558458918390        1.0679375552043746E-004
         247  0.70675562473615750        7.2654588972724594E-005
         248  0.71201747308764474        3.3068342922974518E-005
         249  0.71714635306898944       -1.0765113253826872E-005
         250  0.72214726182080069       -5.7947847702420377E-005
         251  0.72702498001924565       -1.0830340379329277E-004
         252  0.73178408141718432       -1.6201580789385780E-004
         253  0.73642894208483800       -2.1902187284740087E-004
         254  0.74096374933519105       -2.7875917741278087E-004
         255  0.74539251032469456       -3.4033520272609490E-004
         256  0.74971906032426827       -4.0278679916172727E-004
         257  0.75394707065925148       -4.6517049773150124E-004
         258  0.75808005631991082       -5.2649001441192934E-004
         259  0.76212138324647349       -5.8566312725557667E-004
         260  0.76607427529456373       -6.4169939272974729E-004
         261  0.76994182088839658       -6.9398513333393465E-004
         262  0.77372697937019885       -7.4242192537286042E-004
         263  0.77743258705518681       -7.8737896664817387E-004
         264  0.78106136300203155       -8.2953118733984144E-004
         265  0.78461591450913337       -8.6959722546504220E-004
         266  0.78809874234726918       -9.0809947718991280E-004
         267  0.79151224573928691       -9.4526928281175144E-004
         268  0.79485872709750360       -9.8106256817205627E-004
         269  0.79814039652936319       -1.0152338710879571E-003
         270  0.80135937612176877       -1.0474386273690024E-003
         271  0.80451770401424016       -1.0773128670117497E-003
         272  0.80761733827083004       -1.1045095406795455E-003
         273  0.81066016056039825       -1.1287129594136466E-003
         274  0.81364797965454483       -1.1496524248989517E-003
         275  0.81658253475215115       -1.1671240406810439E-003
         276  0.81946549863915807       -1.1810184014335516E-003
         277  0.82229848069182543       -1.1913409071283873E-003
         278  0.82508302973138736       -1.1982140672177047E-003
         279  0.82782063673767503       -1.2018588836587871E-003
         280  0.83051273742890430       -1.2025576833052404E-003
         281  0.83316071471451880       -1.2006091214939701E-003
         282  0.83576590102763593       -1.1962923418668472E-003
         283  0.83832958054331619       -1.1898506369882825E-003
         284  0.84085299128858404       -1.1814901999672952E-003
         285  0.84333732714982124       -1.1713834513810029E-003
         286  0.84578373978286114       -1.1596720909232039E-003
         287  0.84819334043084904       -1.1464700053408900E-003
         288  0.85056720165467103       -1.1318656736043244E-003
         289  0.85290635898048417       -1.1159229571682939E-003
         290  0.85521181246866473       -1.0986802814212421E-003
         291  0.85748452820825283       -1.0801510574702422E-003
         292  0.85972543974075077       -1.0603309568358564E-003
         293  0.86193544941692379       -1.0392146345052687E-003
         294  0.86411542969008304       -1.0168153722427847E-003
         295  0.86626622434909928       -9.9317531922302128E-004
         296  0.86838864969425833       -9.6835967491229610E-004
         297  0.87048349565888983       -9.4244125762337394E-004
         298  0.87255152687953186       -9.1548857757879913E-004
         299  0.87459348371726375       -8.8756391104092994E-004
         300  0.87661008323268552       -8.5872758994724914E-004
         301  0.87860202011688915       -8.2904190618225367E-004
         302  0.88056996758064510       -7.9857197125786632E-004
         303  0.88251457820391011       -7.6738521326603362E-004
         304  0.88443648474763981       -7.3555214550151556E-004
         305  0.88633630092978755       -7.0314899434044246E-004
         306  0.88821462216728531       -6.7026023846599651E-004
         307  0.89007202628567228       -6.3697826137338882E-004
         308  0.89190907419798648       -6.0339909950012744E-004
         309  0.89372631055442420       -5.6961630750917958E-004
         310  0.89552426436420141       -5.3571618083870522E-004
         311  0.89730344959096975       -5.0177576678792058E-004
         312  0.89906436572308412       -4.6786223991428423E-004
         313  0.90080749831992590       -4.3403099207213876E-004
         314  0.90253331953544458       -4.0032166901840061E-004
         315  0.90424228862001610       -3.6675511993583120E-004
         316  0.90593485240164573       -3.3333550638815806E-004
         317  0.90761144574750485       -3.0005837204849061E-004
         318  0.90927249200674187       -2.6692128660247758E-004
         319  0.91091840343543717       -2.3393349318603135E-004
         320  0.91254958160456257       -2.0112341286918837E-004
         321  0.91416641779172592       -1.6854383177442701E-004
         322  0.91576929335747081       -1.3627394598279987E-004
         323  0.91735858010684534       -1.0441757577735933E-004
         324  0.91893464063692298       -7.3098228826005057E-005
         325  0.92049782867093244       -4.2452780657879099E-005
         326  0.92204848937960193       -1.2625501131716143E-005
         327  0.92358695969031857        1.6236605580880952E-005
         328  0.92511356858464966        4.3987080064680428E-005
         329  0.92662863738476409        7.0482592181491418E-005
         330  0.92813248002925741        9.5585859087009783E-005
         331  0.92962540333886001        1.1916963302614809E-004
         332  0.93110770727248782        1.4112175562131538E-004
         333  0.93257968517407241        1.6135058727866921E-004
         334  0.93404162401058421        1.7978983380335616E-004
         335  0.93549380460164389        1.9640193048038333E-004
         336  0.93693650184110666        2.1117946798270725E-004
         337  0.93836998491096679        2.2414436736119112E-004
         338  0.93979451748793807        2.3534468446577005E-004
         339  0.94121035794303043        2.4484935480167946E-004
         340  0.94261775953443872        2.5274179746467720E-004
         341  0.94401697059403933        2.5911356636838990E-004
         342  0.94540823470778523        2.6405892863503428E-004
         343  0.94679179089026522        2.6767064022547823E-004
         344  0.94816787375369405        2.7003666264456690E-004
         345  0.94953671367158066        2.7123740052057332E-004
         346  0.95089853693730930        2.7134337864029832E-004
         347  0.95225356591786992        2.7041388957362348E-004
         348  0.95360201920294996        2.6849743518009874E-004
         349  0.95494411174959737        2.6563438256196989E-004
         350  0.95628005502266111        2.6186144982052328E-004
         351  0.95761005713119496        2.5721701050602971E-004
         352  0.95893432296101366        2.5174597972273235E-004
         353  0.96025305430357899        2.4550308591170461E-004
         354  0.96156644998138452        2.3855365439882413E-004
         355  0.96287470597000180        2.3097184281948516E-004
         356  0.96417801551695059        2.2283742565178368E-004
         357  0.96547656925753889        2.1423299285376748E-004
         358  0.96677055532782474        2.0524303250136702E-004
         359  0.96806015947483148        1.9595486577939449E-004
         360  0.96934556516416714        1.8646001390241112E-004
         361  0.97062695368516305        1.7685448262034541E-004
         362  0.97190450425366670        1.6723737767812219E-004
         363  0.97317839411261264        1.5770812364576797E-004
         364  0.97444879863048639        1.4836285719498416E-004
         365  0.97571589139779280        1.3929049737824612E-004
         366  0.97697984432164908        1.3056880070856758E-004
         367  0.97824082771860521        1.2226047561520571E-004
         368  0.97949901040579079        1.1440926858194693E-004
         369  0.98075455979050274        1.0703596772507016E-004
         370  0.98200764195832457        1.0013450010422665E-004
         371  0.98325842175987055        9.3668650453686937E-005
         372  0.98450706289626355        8.7570312876578422E-005
         373  0.98575372800342032        8.1740437848920518E-005
         374  0.98699857873524688        7.6053736833525996E-005
         375  0.98824177584583017        7.0367665772907263E-005
         376  0.98948347927070857        6.4535354224814389E-005
         377  0.99072384820730663        5.8421205016218068E-005
         378  0.99196304119462608        5.1917043349260336E-005
         379  0.99320121619226076        4.4956102287519561E-005
         380  0.99443853065883081        3.7521989326955200E-005
         381  0.99567514162990745        2.9650211567853632E-005
         382  0.99691120579551118        2.1420780973111469E-005
         383  0.99814687957726078        1.2941884297330006E-005
         384  0.99938231920525289        4.3270748213235747E-006
