           1 -0.99938231920525278        2.9053628469761334E-004
           2 -0.99814687957726034        2.6074780015662813E-003
           3 -0.99691120579551085        7.2236226932075832E-003
           4 -0.99567514162990700        1.4103357004101877E-002
           5 -0.99443853065883048        2.3178313224193135E-002
           6 -0.99320121619226032        3.4338626656634882E-002
           7 -0.99196304119462575        4.7431410862580570E-002
           8 -0.99072384820730630        6.2265606602911881E-002
           9 -0.98948347927070812        7.8621221953916937E-002
          10 -0.98824177584583006        9.6260679840917379E-002
          11 -0.98699857873524655       0.11494028137706598     
          12 -0.98575372800341998       0.13442038808257847     
          13 -0.98450706289626333       0.15447356300946610     
          14 -0.98325842175987022       0.17489043326928838     
          15 -0.98200764195832380       0.19548338927812237     
          16 -0.98075455979050263       0.21608842963777114     
          17 -0.97949901040579035       0.23656553455816373     
          18 -0.97824082771860488       0.25679794816072110     
          19 -0.97697984432164875       0.27669070688840663     
          20 -0.97571589139779236       0.29616869457719736     
          21 -0.97444879863048606       0.31517444982663567     
          22 -0.97317839411261264       0.33366590010018721     
          23 -0.97190450425366637       0.35161414664377405     
          24 -0.97062695368516239       0.36900137860353255     
          25 -0.96934556516416692       0.38581896121420767     
          26 -0.96806015947483104       0.40206572243345828     
          27 -0.96677055532782430       0.41774644869674116     
          28 -0.96547656925753889       0.43287058828394354     
          29 -0.96417801551695015       0.44745114961923704     
          30 -0.96287470597000147       0.46150377436723311     
          31 -0.96156644998138407       0.47504596459249460     
          32 -0.96025305430357866       0.48809644750685888     
          33 -0.95893432296101322       0.50067466372978220     
          34 -0.95761005713119463       0.51280036472819690     
          35 -0.95628005502266100       0.52449330546237882     
          36 -0.95494411174959692       0.53577301846756198     
          37 -0.95360201920294962       0.54665865458283158     
          38 -0.95225356591786958       0.55716887448197272     
          39 -0.95089853693730886       0.56732177602344191     
          40 -0.94953671367158021       0.57713484679815719     
          41 -0.94816787375369405       0.58662493683179617     
          42 -0.94679179089026488       0.59580824839274571     
          43 -0.94540823470778490       0.60470033778301169     
          44 -0.94401697059403922       0.61331612199700936     
          45 -0.94261775953443838       0.62166988487534547     
          46 -0.94121035794302998       0.62977528243716641     
          47 -0.93979451748793752       0.63764535104347497     
          48 -0.93836998491096635       0.64529252202505638     
          49 -0.93693650184110655       0.65272864381845952     
          50 -0.93549380460164355       0.65996501111938644     
          51 -0.93404162401058355       0.66701240240106707     
          52 -0.93257968517407241       0.67388112797559840     
          53 -0.93110770727248737       0.68058108491070157     
          54 -0.92962540333885957       0.68712180676016954     
          55 -0.92813248002925697       0.69351249370967516     
          56 -0.92662863738476375       0.69976201483277467     
          57 -0.92511356858464910       0.70587888540023613     
          58 -0.92358695969031812       0.71187123353701931     
          59 -0.92204848937960160       0.71774677861518410     
          60 -0.92049782867093199       0.72351284138103600     
          61 -0.91893464063692265       0.72917638385046557     
          62 -0.91735858010684490       0.73474405294009459     
          63 -0.91576929335747059       0.74022220445927267     
          64 -0.91416641779172547       0.74561690259135327     
          65 -0.91254958160456223       0.75093390119545578     
          66 -0.91091840343543673       0.75617861860596436     
          67 -0.90927249200674143       0.76135612167694422     
          68 -0.90761144574750463       0.76647113148743085     
          69 -0.90593485240164529       0.77152805167339189     
          70 -0.90424228862001577       0.77653101162184690     
          71 -0.90253331953544436       0.78148391578394305     
          72 -0.90080749831992546       0.78639049246152626     
          73 -0.89906436572308435       0.79125433749963203     
          74 -0.89730344959096964       0.79607894765573695     
          75 -0.89552426436420096       0.80086773395345412     
          76 -0.89372631055442397       0.80562400959853897     
          77 -0.89190907419798604       0.81035096454828415     
          78 -0.89007202628567161       0.81505164004150910     
          79 -0.88821462216728486       0.81972889685535721     
          80 -0.88633630092978710       0.82438537840865178     
          81 -0.88443648474763936       0.82902349351749616     
          82 -0.88251457820391011       0.83364542982506862     
          83 -0.88056996758064465       0.83825318165194551     
          84 -0.87860202011688882       0.84284856284375231     
          85 -0.87661008323268541       0.84743318300884918     
          86 -0.87459348371726342       0.85200841817154482     
          87 -0.87255152687953119       0.85657543322334173     
          88 -0.87048349565888938       0.86113526241693195     
          89 -0.86838864969425789       0.86568891288020766     
          90 -0.86626622434909895       0.87023745074195347     
          91 -0.86411542969008259       0.87478203904214014     
          92 -0.86193544941692346       0.87932395501046179     
          93 -0.85972543974075011       0.88386465748476906     
          94 -0.85748452820825283       0.88840589758870470     
          95 -0.85521181246866429       0.89294975218274308     
          96 -0.85290635898048384       0.89749850156424527     
          97 -0.85056720165467092       0.90205443990678336     
          98 -0.84819334043084860       0.90661973476668023     
          99 -0.84578373978286048       0.91119635826007550     
         100 -0.84333732714982113       0.91578611184935466     
         101 -0.84085299128858404       0.92039079270291224     
         102 -0.83832958054331586       0.92501244654505466     
         103 -0.83576590102763570       0.92965355290612572     
         104 -0.83316071471451847       0.93431701532308009     
         105 -0.83051273742890364       0.93900591617307261     
         106 -0.82782063673767470       0.94372315166170340     
         107 -0.82508302973138725       0.94847115066051868     
         108 -0.82229848069182498       0.95325176752645890     
         109 -0.81946549863915830       0.95806639076712852     
         110 -0.81658253475215070       0.96291627028581728     
         111 -0.81364797965454405       0.96780287375857255     
         112 -0.81066016056039847       0.97272803600561919     
         113 -0.80761733827082960       0.97769392404576860     
         114 -0.80451770401423983       0.98270295320499346     
         115 -0.80135937612176866       0.98775761936864370     
         116 -0.79814039652936319       0.99286029872190884     
         117 -0.79485872709750316       0.99801329388502558     
         118 -0.79151224573928691        1.0032190113753019     
         119 -0.78809874234726884        1.0084798931856995     
         120 -0.78461591450913304        1.0137981169301293     
         121 -0.78106136300203133        1.0191751272859810     
         122 -0.77743258705518636        1.0246111331704637     
         123 -0.77372697937019841        1.0301051208533725     
         124 -0.76994182088839680        1.0356558395631215     
         125 -0.76607427529456329        1.0412632681859717     
         126 -0.76212138324647294        1.0469294268696427     
         127 -0.75808005631991093        1.0526582225473149     
         128 -0.75394707065925137        1.0584546154029675     
         129 -0.74971906032426794        1.0643235013897958     
         130 -0.74539251032469467        1.0702690803724897     
         131 -0.74096374933519094        1.0762945560396182     
         132 -0.73642894208483789        1.0824018374796096     
         133 -0.73178408141718476        1.0885916527770605     
         134 -0.72702498001924531        1.0948646331809957     
         135 -0.72214726182080025        1.1012230707016197     
         136 -0.71714635306898966        1.1076707584907015     
         137 -0.71201747308764474        1.1142111515073159     
         138 -0.70675562473615705        1.1208476780609371     
         139 -0.70135558458918368        1.1275850647662469     
         140 -0.69581189286623890        1.1344285617967969     
         141 -0.69011884314946248        1.1413819047456739     
         142 -0.68427047193884349        1.1484466592038671     
         143 -0.67826054810712078        1.1556260347331737     
         144 -0.67208256233186514        1.1629293118580093     
         145 -0.66572971660009905        1.1703701688634405     
         146 -0.65919491390173901        1.1779594457847256     
         147 -0.65247074825240836        1.1857026436458573     
         148 -0.64554949521434124        1.1936065013901858     
         149 -0.63842310311659234        1.2016823244755206     
         150 -0.63108318521307105        1.2099408434028458     
         151 -0.62352101305960128        1.2183875201120880     
         152 -0.61572751143974935        1.2270315828123484     
         153 -0.60769325522401252        1.2359003254900700     
         154 -0.59940846860864516        1.2450327454496413     
         155 -0.59086302724910156        1.2544567012093872     
         156 -0.58204646387908454        1.2641769967517882     
         157 -0.57294797808929798        1.2741893390818868     
         158 -0.56355645102988250        1.2844915517983981     
         159 -0.55386046589619164        1.2950816506356495     
         160 -0.54384833515758180        1.3059560410364448     
         161 -0.53350813559095156        1.3171139638001150     
         162 -0.52282775228152945        1.3285608887207663     
         163 -0.51179493284837108        1.3403087786420425     
         164 -0.50039735323518231        1.3523897741172515     
         165 -0.48862269647056367        1.3648176529202956     
         166 -0.47645874583586578        1.3775801793528231     
         167 -0.46389349387150935        1.3906732559622634     
         168 -0.45091526858953856        1.4040613059560623     
         169 -0.43751287812475526        1.4177113217494810     
         170 -0.42367577483049901        1.4316315222084728     
         171 -0.40939423948804088        1.4457696566915670     
         172 -0.39465958583042959        1.4599635128870370     
         173 -0.37946438496369539        1.4741121085106597     
         174 -0.36380270848516605        1.4882870259742491     
         175 -0.34767038814165030        1.5025814166209830     
         176 -0.33106528874080277        1.5170008699977033     
         177 -0.31398758974273888        1.5315392885284884     
         178 -0.29644006955017288        1.5461634656862240     
         179 -0.27842838504072553        1.5607623425446824     
         180 -0.25996133742637151        1.5751252785845953     
         181 -0.24105111419015335        1.5890420262437357     
         182 -0.22171349577050903        1.6024482579979686     
         183 -0.20196801498678441        1.6153461586574367     
         184 -0.18183805707922696        1.6277143394151508     
         185 -0.16135088881549930        1.6393858978529277     
         186 -0.14053760650480074        1.6501445024302277     
         187 -0.11943299501841853        1.6597360594279789     
         188  -9.8075293026108956E-002   1.6678966496415655     
         189  -7.6505863516110439E-002   1.6745246004398009     
         190  -5.4768773072648047E-002   1.6795910845823034     
         191  -3.2910288050457481E-002   1.6831295833053037     
         192  -1.0978300356825565E-002   1.6851737948814729     
         193   1.0978300356826454E-002   1.6855994210574490     
         194   3.2910288050457259E-002   1.6842347616501343     
         195   5.4768773072645605E-002   1.6811116362990213     
         196   7.6505863516111328E-002   1.6764377233972791     
         197   9.8075293026108845E-002   1.6703966808215447     
         198  0.11943299501841698        1.6630754824524097     
         199  0.14053760650480163        1.6544886747123477     
         200  0.16135088881549908        1.6446430121910556     
         201  0.18183805707922573        1.6336973156227128     
         202  0.20196801498678418        1.6218994380947731     
         203  0.22171349577050870        1.6094278977312986     
         204  0.24105111419015102        1.5964540580161066     
         205  0.25996133742637140        1.5832169045281517     
         206  0.27842838504072542        1.5699137685776001     
         207  0.29644006955017077        1.5566884541797792     
         208  0.31398758974273955        1.5435456594211980     
         209  0.33106528874080254        1.5303022478663497     
         210  0.34767038814164830        1.5166806698133437     
         211  0.36380270848516694        1.5026608901765031     
         212  0.37946438496369517        1.4883430951987646     
         213  0.39465958583042848        1.4738564827190483     
         214  0.40939423948804166        1.4592851382661702     
         215  0.42367577483049890        1.4446306899938053     
         216  0.43751287812475459        1.4299627049729131     
         217  0.45091526858953923        1.4153517166023792     
         218  0.46389349387150958        1.4008777209176260     
         219  0.47645874583586445        1.3866188700090563     
         220  0.48862269647056378        1.3726135783587159     
         221  0.50039735323518242        1.3589578100635520     
         222  0.51179493284837019        1.3457506349012287     
         223  0.52282775228153011        1.3329856466524359     
         224  0.53350813559095167        1.3206018911138449     
         225  0.54384833515758091        1.3085545352647570     
         226  0.55386046589619231        1.2968333186038288     
         227  0.56355645102988250        1.2854420753998510     
         228  0.57294797808929765        1.2743879200322143     
         229  0.58204646387908521        1.2636659209228582     
         230  0.59086302724910178        1.2532480119724736     
         231  0.59940846860864494        1.2431038922210396     
         232  0.60769325522401285        1.2332082796208150     
         233  0.61572751143974935        1.2235348666357273     
         234  0.62352101305960117        1.2140595221839523     
         235  0.63108318521307116        1.2047636997583959     
         236  0.63842310311659278        1.1956373076215521     
         237  0.64554949521434080        1.1866802963326786     
         238  0.65247074825240881        1.1779003783854267     
         239  0.65919491390173945        1.1693089514407100     
         240  0.66572971660009861        1.1609193650610838     
         241  0.67208256233186559        1.1527470833837175     
         242  0.67826054810712111        1.1448059260574277     
         243  0.68427047193884305        1.1371001706946327     
         244  0.69011884314946315        1.1296225931595654     
         245  0.69581189286623890        1.1223611100445148     
         246  0.70135558458918390        1.1153035679914669     
         247  0.70675562473615750        1.1084372722705205     
         248  0.71201747308764474        1.1017475797907959     
         249  0.71714635306898944        1.0952190405382063     
         250  0.72214726182080069        1.0888369836813883     
         251  0.72702498001924565        1.0825872165107542     
         252  0.73178408141718432        1.0764555220094174     
         253  0.73642894208483800        1.0704287441241402     
         254  0.74096374933519105        1.0644964848243803     
         255  0.74539251032469456        1.0586515629254087     
         256  0.74971906032426827        1.0528890549655652     
         257  0.75394707065925148        1.0472054617491622     
         258  0.75808005631991082        1.0415985646941361     
         259  0.76212138324647349        1.0360672353087081     
         260  0.76607427529456373        1.0306111137432885     
         261  0.76994182088839658        1.0252300868686828     
         262  0.77372697937019885        1.0199235095138319     
         263  0.77743258705518681        1.0146898289820001     
         264  0.78106136300203155        1.0095270004358976     
         265  0.78461591450913337        1.0044330650820867     
         266  0.78809874234726918       0.99940623261440531     
         267  0.79151224573928691       0.99444465370546098     
         268  0.79485872709750360       0.98954612781046336     
         269  0.79814039652936319       0.98470791263495006     
         270  0.80135937612176877       0.97992670636836654     
         271  0.80451770401424016       0.97519882079787945     
         272  0.80761733827083004       0.97052046436252171     
         273  0.81066016056039825       0.96588798384236707     
         274  0.81364797965454483       0.96129806073531954     
         275  0.81658253475215115       0.95674777995807092     
         276  0.81946549863915807       0.95223454373229155     
         277  0.82229848069182543       0.94775597374486242     
         278  0.82508302973138736       0.94330979813184412     
         279  0.82782063673767503       0.93889368499277226     
         280  0.83051273742890430       0.93450515405770263     
         281  0.83316071471451880       0.93014164478038119     
         282  0.83576590102763593       0.92580060535529507     
         283  0.83832958054331619       0.92147948675213220     
         284  0.84085299128858404       0.91717576864601524     
         285  0.84333732714982124       0.91288707497564070     
         286  0.84578373978286114       0.90861122564909136     
         287  0.84819334043084904       0.90434617643224191     
         288  0.85056720165467103       0.90008992291281786     
         289  0.85290635898048417       0.89584043607731467     
         290  0.85521181246866473       0.89159568167167280     
         291  0.85748452820825283       0.88735371782259076     
         292  0.85972543974075077       0.88311280838050743     
         293  0.86193544941692379       0.87887148772869472     
         294  0.86411542969008304       0.87462854708025639     
         295  0.86626622434909928       0.87038294606628386     
         296  0.86838864969425833       0.86613366097075239     
         297  0.87048349565888983       0.86187950803371294     
         298  0.87255152687953186       0.85761899750630999     
         299  0.87459348371726375       0.85335023414966993     
         300  0.87661008323268552       0.84907087246192658     
         301  0.87860202011688915       0.84477815478735130     
         302  0.88056996758064510       0.84046902117532452     
         303  0.88251457820391011       0.83614022160606449     
         304  0.88443648474763981       0.83178838189171955     
         305  0.88633630092978755       0.82741003730019236     
         306  0.88821462216728531       0.82300165140755277     
         307  0.89007202628567228       0.81855962488826839     
         308  0.89190907419798648       0.81408031542918180     
         309  0.89372631055442420       0.80956007470945224     
         310  0.89552426436420141       0.80499527151167016     
         311  0.89730344959096975       0.80038229244580139     
         312  0.89906436572308412       0.79571754830368102     
         313  0.90080749831992590       0.79099749094731509     
         314  0.90253331953544458       0.78621861525548220     
         315  0.90424228862001610       0.78137743240261703     
         316  0.90593485240164573       0.77647042699688784     
         317  0.90761144574750485       0.77149401241435123     
         318  0.90927249200674187       0.76644448027081591     
         319  0.91091840343543717       0.76131793923511670     
         320  0.91254958160456257       0.75611025836445656     
         321  0.91416641779172592       0.75081703392418686     
         322  0.91576929335747081       0.74543357852754677     
         323  0.91735858010684534       0.73995491862024942     
         324  0.91893464063692298       0.73437579231291594     
         325  0.92049782867093244       0.72869064795869765     
         326  0.92204848937960193       0.72289364001129808     
         327  0.92358695969031857       0.71697861326176471     
         328  0.92511356858464966       0.71093907031336867     
         329  0.92662863738476409       0.70476812659337340     
         330  0.92813248002925741       0.69845846415404300     
         331  0.92962540333886001       0.69200229386429424     
         332  0.93110770727248782       0.68539133192458368     
         333  0.93257968517407241       0.67861679636415262     
         334  0.93404162401058421       0.67166942141100616     
         335  0.93549380460164389       0.66453947420157677     
         336  0.93693650184110666       0.65721675763880083     
         337  0.93836998491096679       0.64969059396298878     
         338  0.93979451748793807       0.64194979387161855     
         339  0.94121035794303043       0.63398262114353143     
         340  0.94261775953443872       0.62577676216705258     
         341  0.94401697059403933       0.61731930548781311     
         342  0.94540823470778523       0.60859672959280120     
         343  0.94679179089026522       0.59959489099540542     
         344  0.94816787375369405       0.59029900445012573     
         345  0.94953671367158066       0.58069361324010260     
         346  0.95089853693730930       0.57076255658088271     
         347  0.95225356591786992       0.56048894894507528     
         348  0.95360201920294996       0.54985518808982525     
         349  0.95494411174959737       0.53884300299859456     
         350  0.95628005502266111       0.52743354412592791     
         351  0.95761005713119496       0.51560751381673930     
         352  0.95893432296101366       0.50334533714215302     
         353  0.96025305430357899       0.49062737807242585     
         354  0.96156644998138452       0.47743420828173810     
         355  0.96287470597000180       0.46374693677259193     
         356  0.96417801551695059       0.44954761155837863     
         357  0.96547656925753889       0.43481970955862143     
         358  0.96677055532782474       0.41954873376534624     
         359  0.96806015947483148       0.40372293704784712     
         360  0.96934556516416714       0.38733419216884707     
         361  0.97062695368516305       0.37037902873352446     
         362  0.97190450425366670       0.35285985941579440     
         363  0.97317839411261264       0.33478641715135032     
         364  0.97444879863048639       0.31617741694670759     
         365  0.97571589139779280       0.29706243904974211     
         366  0.97697984432164908       0.27748400707257803     
         367  0.97824082771860521       0.25749980678737699     
         368  0.97949901040579079       0.23718495873188225     
         369  0.98075455979050274       0.21663421844501257     
         370  0.98200764195832457       0.19596392926209943     
         371  0.98325842175987055       0.17531349691601852     
         372  0.98450706289626355       0.15484610104458879     
         373  0.98575372800342032       0.13474831341090612     
         374  0.98699857873524688       0.11522826406551474     
         375  0.98824177584583017        9.6512002251227663E-002
         376  0.98948347927070857        7.8837770233381885E-002
         377  0.99072384820730663        6.2448085523106912E-002
         378  0.99196304119462608        4.7579845760696557E-002
         379  0.99320121619226076        3.4453144388934639E-002
         380  0.99443853065883081        2.3260074429491528E-002
         381  0.99567514162990745        1.4155374949639948E-002
         382  0.99691120579551118        7.2511316351630984E-003
         383  0.99814687957726078        2.6176421739695340E-003
         384  0.99938231920525289        2.9170360703205812E-004
