  1.00000000E+00   -9.99382319E-01    1.26387928E-05
  2.00000000E+00   -9.98146880E-01    3.79690829E-05
  3.00000000E+00   -9.96911206E-01    6.33935462E-05
  4.00000000E+00   -9.95675142E-01    8.88859316E-05
  5.00000000E+00   -9.94438531E-01    1.14389704E-04
  6.00000000E+00   -9.93201216E-01    1.39836199E-04
  7.00000000E+00   -9.91963041E-01    1.65139665E-04
  8.00000000E+00   -9.90723848E-01    1.90179526E-04
  9.00000000E+00   -9.89483479E-01    2.14783732E-04
  1.00000000E+01   -9.88241776E-01    2.38722444E-04
  1.10000000E+01   -9.86998579E-01    2.61715214E-04
  1.20000000E+01   -9.85753728E-01    2.83450683E-04
  1.30000000E+01   -9.84507063E-01    3.03615545E-04
  1.40000000E+01   -9.83258422E-01    3.21928035E-04
  1.50000000E+01   -9.82007642E-01    3.38170831E-04
  1.60000000E+01   -9.80754560E-01    3.52218905E-04
  1.70000000E+01   -9.79499010E-01    3.64059213E-04
  1.80000000E+01   -9.78240828E-01    3.73800628E-04
  1.90000000E+01   -9.76979844E-01    3.81673756E-04
  2.00000000E+01   -9.75715891E-01    3.88021200E-04
  2.10000000E+01   -9.74448799E-01    3.93279445E-04
  2.20000000E+01   -9.73178394E-01    3.97953983E-04
  2.30000000E+01   -9.71904504E-01    4.02589682E-04
  2.40000000E+01   -9.70626954E-01    4.07738824E-04
  2.50000000E+01   -9.69345565E-01    4.13929553E-04
  2.60000000E+01   -9.68060159E-01    4.21637782E-04
  2.70000000E+01   -9.66770555E-01    4.31265468E-04
  2.80000000E+01   -9.65476569E-01    4.43127572E-04
  2.90000000E+01   -9.64178016E-01    4.57448763E-04
  3.00000000E+01   -9.62874706E-01    4.74369207E-04
  3.10000000E+01   -9.61566450E-01    4.93957219E-04
  3.20000000E+01   -9.60253054E-01    5.16225642E-04
  3.30000000E+01   -9.58934323E-01    5.41148770E-04
  3.40000000E+01   -9.57610057E-01    5.68677210E-04
  3.50000000E+01   -9.56280055E-01    5.98748984E-04
  3.60000000E+01   -9.54944112E-01    6.31296221E-04
  3.70000000E+01   -9.53602019E-01    6.66247754E-04
  3.80000000E+01   -9.52253566E-01    7.03528622E-04
  3.90000000E+01   -9.50898537E-01    7.43057765E-04
  4.00000000E+01   -9.49536714E-01    7.84745143E-04
  4.10000000E+01   -9.48167874E-01    8.28489180E-04
  4.20000000E+01   -9.46791791E-01    8.74174929E-04
  4.30000000E+01   -9.45408235E-01    9.21672709E-04
  4.40000000E+01   -9.44016971E-01    9.70836645E-04
  4.50000000E+01   -9.42617760E-01    1.02150286E-03
  4.60000000E+01   -9.41210358E-01    1.07348789E-03
  4.70000000E+01   -9.39794517E-01    1.12658828E-03
  4.80000000E+01   -9.38369985E-01    1.18058193E-03
  4.90000000E+01   -9.36936502E-01    1.23523037E-03
  5.00000000E+01   -9.35493805E-01    1.29028024E-03
  5.10000000E+01   -9.34041624E-01    1.34546240E-03
  5.20000000E+01   -9.32579685E-01    1.40048877E-03
  5.30000000E+01   -9.31107707E-01    1.45504946E-03
  5.40000000E+01   -9.29625403E-01    1.50881320E-03
  5.50000000E+01   -9.28132480E-01    1.56143198E-03
  5.60000000E+01   -9.26628637E-01    1.61254732E-03
  5.70000000E+01   -9.25113569E-01    1.66179504E-03
  5.80000000E+01   -9.23586960E-01    1.70880729E-03
  5.90000000E+01   -9.22048489E-01    1.75321479E-03
  6.00000000E+01   -9.20497829E-01    1.79465278E-03
  6.10000000E+01   -9.18934641E-01    1.83277180E-03
  6.20000000E+01   -9.17358580E-01    1.86724981E-03
  6.30000000E+01   -9.15769293E-01    1.89780104E-03
  6.40000000E+01   -9.14166418E-01    1.92417923E-03
  6.50000000E+01   -9.12549582E-01    1.94617770E-03
  6.60000000E+01   -9.10918403E-01    1.96363098E-03
  6.70000000E+01   -9.09272492E-01    1.97642097E-03
  6.80000000E+01   -9.07611446E-01    1.98448603E-03
  6.90000000E+01   -9.05934852E-01    1.98782921E-03
  7.00000000E+01   -9.04242289E-01    1.98652230E-03
  7.10000000E+01   -9.02533320E-01    1.98070455E-03
  7.20000000E+01   -9.00807498E-01    1.97057582E-03
  7.30000000E+01   -8.99064366E-01    1.95638419E-03
  7.40000000E+01   -8.97303450E-01    1.93840867E-03
  7.50000000E+01   -8.95524264E-01    1.91694152E-03
  7.60000000E+01   -8.93726311E-01    1.89227721E-03
  7.70000000E+01   -8.91909074E-01    1.86471229E-03
  7.80000000E+01   -8.90072026E-01    1.83455125E-03
  7.90000000E+01   -8.88214622E-01    1.80210678E-03
  8.00000000E+01   -8.86336301E-01    1.76768844E-03
  8.10000000E+01   -8.84436485E-01    1.73158638E-03
  8.20000000E+01   -8.82514578E-01    1.69406346E-03
  8.30000000E+01   -8.80569968E-01    1.65536156E-03
  8.40000000E+01   -8.78602020E-01    1.61571664E-03
  8.50000000E+01   -8.76610083E-01    1.57537540E-03
  8.60000000E+01   -8.74593484E-01    1.53461072E-03
  8.70000000E+01   -8.72551527E-01    1.49373459E-03
  8.80000000E+01   -8.70483496E-01    1.45310501E-03
  8.90000000E+01   -8.68388650E-01    1.41312382E-03
  9.00000000E+01   -8.66266224E-01    1.37422653E-03
  9.10000000E+01   -8.64115430E-01    1.33686785E-03
  9.20000000E+01   -8.61935449E-01    1.30150247E-03
  9.30000000E+01   -8.59725440E-01    1.26856111E-03
  9.40000000E+01   -8.57484528E-01    1.23843023E-03
  9.50000000E+01   -8.55211812E-01    1.21143933E-03
  9.60000000E+01   -8.52906359E-01    1.18784686E-03
  9.70000000E+01   -8.50567202E-01    1.16782037E-03
  9.80000000E+01   -8.48193340E-01    1.15142569E-03
  9.90000000E+01   -8.45783740E-01    1.13864164E-03
  1.00000000E+02   -8.43337327E-01    1.12939318E-03
  1.01000000E+02   -8.40852991E-01    1.12356558E-03
  1.02000000E+02   -8.38329581E-01    1.12097219E-03
  1.03000000E+02   -8.35765901E-01    1.12130347E-03
  1.04000000E+02   -8.33160715E-01    1.12410626E-03
  1.05000000E+02   -8.30512737E-01    1.12880864E-03
  1.06000000E+02   -8.27820637E-01    1.13478150E-03
  1.07000000E+02   -8.25083030E-01    1.14142050E-03
  1.08000000E+02   -8.22298481E-01    1.14822311E-03
  1.09000000E+02   -8.19465499E-01    1.15485603E-03
  1.10000000E+02   -8.16582535E-01    1.16122677E-03
  1.11000000E+02   -8.13647980E-01    1.16752746E-03
  1.12000000E+02   -8.10660161E-01    1.17418287E-03
  1.13000000E+02   -8.07617338E-01    1.18167979E-03
  1.14000000E+02   -8.04517704E-01    1.19034389E-03
  1.15000000E+02   -8.01359376E-01    1.20017715E-03
  1.16000000E+02   -7.98140397E-01    1.21083197E-03
  1.17000000E+02   -7.94858727E-01    1.22172639E-03
  1.18000000E+02   -7.91512246E-01    1.23223485E-03
  1.19000000E+02   -7.88098742E-01    1.24183544E-03
  1.20000000E+02   -7.84615915E-01    1.25011692E-03
  1.21000000E+02   -7.81061363E-01    1.25665952E-03
  1.22000000E+02   -7.77432587E-01    1.26089911E-03
  1.23000000E+02   -7.73726979E-01    1.26208496E-03
  1.24000000E+02   -7.69941821E-01    1.25935911E-03
  1.25000000E+02   -7.66074275E-01    1.25196048E-03
  1.26000000E+02   -7.62121383E-01    1.23948454E-03
  1.27000000E+02   -7.58080056E-01    1.22192985E-03
  1.28000000E+02   -7.53947071E-01    1.19943852E-03
  1.29000000E+02   -7.49719060E-01    1.17203510E-03
  1.30000000E+02   -7.45392510E-01    1.13968311E-03
  1.31000000E+02   -7.40963749E-01    1.10262966E-03
  1.32000000E+02   -7.36428942E-01    1.06163277E-03
  1.33000000E+02   -7.31784081E-01    1.01762295E-03
  1.34000000E+02   -7.27024980E-01    9.70928823E-04
  1.35000000E+02   -7.22147262E-01    9.20847461E-04
  1.36000000E+02   -7.17146353E-01    8.65964288E-04
  1.37000000E+02   -7.12017473E-01    8.05013592E-04
  1.38000000E+02   -7.06755625E-01    7.37552965E-04
  1.39000000E+02   -7.01355585E-01    6.64021476E-04
  1.40000000E+02   -6.95811893E-01    5.85734146E-04
  1.41000000E+02   -6.90118843E-01    5.04959086E-04
  1.42000000E+02   -6.84270472E-01    4.24939675E-04
  1.43000000E+02   -6.78260548E-01    3.49548743E-04
  1.44000000E+02   -6.72082562E-01    2.81915574E-04
  1.45000000E+02   -6.65729717E-01    2.22882058E-04
  1.46000000E+02   -6.59194914E-01    1.71226117E-04
  1.47000000E+02   -6.52470748E-01    1.25869171E-04
  1.48000000E+02   -6.45549495E-01    8.69633043E-05
  1.49000000E+02   -6.38423103E-01    5.36887850E-05
  1.50000000E+02   -6.31083185E-01    2.17532200E-05
  1.51000000E+02   -6.23521013E-01   -1.64527345E-05
  1.52000000E+02   -6.15727511E-01   -6.58284736E-05
  1.53000000E+02   -6.07693255E-01   -1.22066416E-04
  1.54000000E+02   -5.99408469E-01   -1.74717387E-04
  1.55000000E+02   -5.90863027E-01   -2.13176659E-04
  1.56000000E+02   -5.82046464E-01   -2.31591110E-04
  1.57000000E+02   -5.72947978E-01   -2.30402801E-04
  1.58000000E+02   -5.63556451E-01   -2.11274194E-04
  1.59000000E+02   -5.53860466E-01   -1.67511035E-04
  1.60000000E+02   -5.43848335E-01   -8.71576621E-05
  1.61000000E+02   -5.33508136E-01    3.08843327E-05
  1.62000000E+02   -5.22827752E-01    1.82565561E-04
  1.63000000E+02   -5.11794933E-01    3.79964281E-04
  1.64000000E+02   -5.00397353E-01    6.33600264E-04
  1.65000000E+02   -4.88622696E-01    9.34721273E-04
  1.66000000E+02   -4.76458746E-01    1.26325453E-03
  1.67000000E+02   -4.63893494E-01    1.58990644E-03
  1.68000000E+02   -4.50915269E-01    1.87186147E-03
  1.69000000E+02   -4.37512878E-01    2.06479080E-03
  1.70000000E+02   -4.23675775E-01    2.14891186E-03
  1.71000000E+02   -4.09394239E-01    2.11373053E-03
  1.72000000E+02   -3.94659586E-01    1.96564219E-03
  1.73000000E+02   -3.79464385E-01    1.76252678E-03
  1.74000000E+02   -3.63802708E-01    1.57253511E-03
  1.75000000E+02   -3.47670388E-01    1.39656675E-03
  1.76000000E+02   -3.31065289E-01    1.19388350E-03
  1.77000000E+02   -3.13987590E-01    9.64325807E-04
  1.78000000E+02   -2.96440070E-01    7.52643675E-04
  1.79000000E+02   -2.78428385E-01    6.08994237E-04
  1.80000000E+02   -2.59961337E-01    5.53545360E-04
  1.81000000E+02   -2.41051114E-01    5.63099450E-04
  1.82000000E+02   -2.21713496E-01    6.05022798E-04
  1.83000000E+02   -2.01968015E-01    6.34493835E-04
  1.84000000E+02   -1.81838057E-01    6.35606645E-04
  1.85000000E+02   -1.61350889E-01    5.80675347E-04
  1.86000000E+02   -1.40537607E-01    4.53018796E-04
  1.87000000E+02   -1.19432995E-01    2.82524422E-04
  1.88000000E+02   -9.80752930E-02    8.25846091E-05
  1.89000000E+02   -7.65058635E-02   -1.44572644E-04
  1.90000000E+02   -5.47687731E-02   -3.92119231E-04
  1.91000000E+02   -3.29102881E-02   -6.50447522E-04
  1.92000000E+02   -1.09783004E-02   -8.69530446E-04
  1.93000000E+02    1.09783004E-02   -1.00916947E-03
  1.94000000E+02    3.29102881E-02   -1.07942679E-03
  1.95000000E+02    5.47687731E-02   -1.11782573E-03
  1.96000000E+02    7.65058635E-02   -1.10123444E-03
  1.97000000E+02    9.80752930E-02   -9.45997669E-04
  1.98000000E+02    1.19432995E-01   -6.81997530E-04
  1.99000000E+02    1.40537607E-01   -3.83989955E-04
  2.00000000E+02    1.61350889E-01   -4.92654485E-05
  2.01000000E+02    1.81838057E-01    2.92217365E-04
  2.02000000E+02    2.01968015E-01    5.98776516E-04
  2.03000000E+02    2.21713496E-01    8.49790022E-04
  2.04000000E+02    2.41051114E-01    1.01260620E-03
  2.05000000E+02    2.59961337E-01    1.05011273E-03
  2.06000000E+02    2.78428385E-01    9.82247787E-04
  2.07000000E+02    2.96440070E-01    9.04552595E-04
  2.08000000E+02    3.13987590E-01    8.97534956E-04
  2.09000000E+02    3.31065289E-01    9.82577647E-04
  2.10000000E+02    3.47670388E-01    1.13493938E-03
  2.11000000E+02    3.63802708E-01    1.27210272E-03
  2.12000000E+02    3.79464385E-01    1.33525867E-03
  2.13000000E+02    3.94659586E-01    1.31729407E-03
  2.14000000E+02    4.09394239E-01    1.18218495E-03
  2.15000000E+02    4.23675775E-01    9.15383656E-04
  2.16000000E+02    4.37512878E-01    5.44264425E-04
  2.17000000E+02    4.50915269E-01    1.02508860E-04
  2.18000000E+02    4.63893494E-01   -3.72875229E-04
  2.19000000E+02    4.76458746E-01   -8.57556446E-04
  2.20000000E+02    4.88622696E-01   -1.32666693E-03
  2.21000000E+02    5.00397353E-01   -1.74273037E-03
  2.22000000E+02    5.11794933E-01   -2.07830809E-03
  2.23000000E+02    5.22827752E-01   -2.32348870E-03
  2.24000000E+02    5.33508136E-01   -2.48393433E-03
  2.25000000E+02    5.43848335E-01   -2.57204860E-03
  2.26000000E+02    5.53860466E-01   -2.59104066E-03
  2.27000000E+02    5.63556451E-01   -2.54392390E-03
  2.28000000E+02    5.72947978E-01   -2.44466712E-03
  2.29000000E+02    5.82046464E-01   -2.31133729E-03
  2.30000000E+02    5.90863027E-01   -2.15922739E-03
  2.31000000E+02    5.99408469E-01   -1.99795156E-03
  2.32000000E+02    6.07693255E-01   -1.83305175E-03
  2.33000000E+02    6.15727511E-01   -1.67006374E-03
  2.34000000E+02    6.23521013E-01   -1.51136154E-03
  2.35000000E+02    6.31083185E-01   -1.35553908E-03
  2.36000000E+02    6.38423103E-01   -1.20324643E-03
  2.37000000E+02    6.45549495E-01   -1.05940369E-03
  2.38000000E+02    6.52470748E-01   -9.29849614E-04
  2.39000000E+02    6.59194914E-01   -8.16823751E-04
  2.40000000E+02    6.65729717E-01   -7.16502227E-04
  2.41000000E+02    6.72082562E-01   -6.20812654E-04
  2.42000000E+02    6.78260548E-01   -5.21926667E-04
  2.43000000E+02    6.84270472E-01   -4.15900277E-04
  2.44000000E+02    6.90118843E-01   -3.02892216E-04
  2.45000000E+02    6.95811893E-01   -1.85365202E-04
  2.46000000E+02    7.01355585E-01   -6.61944973E-05
  2.47000000E+02    7.06755625E-01    5.23858914E-05
  2.48000000E+02    7.12017473E-01    1.68691173E-04
  2.49000000E+02    7.17146353E-01    2.81107662E-04
  2.50000000E+02    7.22147262E-01    3.88013209E-04
  2.51000000E+02    7.27024980E-01    4.87985561E-04
  2.52000000E+02    7.31784081E-01    5.80025510E-04
  2.53000000E+02    7.36428942E-01    6.63642769E-04
  2.54000000E+02    7.40963749E-01    7.38705408E-04
  2.55000000E+02    7.45392510E-01    8.05305361E-04
  2.56000000E+02    7.49719060E-01    8.63670566E-04
  2.57000000E+02    7.53947071E-01    9.14031105E-04
  2.58000000E+02    7.58080056E-01    9.56406850E-04
  2.59000000E+02    7.62121383E-01    9.90368808E-04
  2.60000000E+02    7.66074275E-01    1.01511200E-03
  2.61000000E+02    7.69941821E-01    1.02984282E-03
  2.62000000E+02    7.73726979E-01    1.03409781E-03
  2.63000000E+02    7.77432587E-01    1.02779044E-03
  2.64000000E+02    7.81061363E-01    1.01108777E-03
  2.65000000E+02    7.84615915E-01    9.84309659E-04
  2.66000000E+02    7.88098742E-01    9.47908295E-04
  2.67000000E+02    7.91512246E-01    9.02449031E-04
  2.68000000E+02    7.94858727E-01    8.48558533E-04
  2.69000000E+02    7.98140397E-01    7.86924274E-04
  2.70000000E+02    8.01359376E-01    7.18364040E-04
  2.71000000E+02    8.04517704E-01    6.43842066E-04
  2.72000000E+02    8.07617338E-01    5.64350520E-04
  2.73000000E+02    8.10660161E-01    4.80743501E-04
  2.74000000E+02    8.13647980E-01    3.93674579E-04
  2.75000000E+02    8.16582535E-01    3.03679968E-04
  2.76000000E+02    8.19465499E-01    2.11332185E-04
  2.77000000E+02    8.22298481E-01    1.17356518E-04
  2.78000000E+02    8.25083030E-01    2.26263652E-05
  2.79000000E+02    8.27820637E-01   -7.19607268E-05
  2.80000000E+02    8.30512737E-01   -1.65633137E-04
  2.81000000E+02    8.33160715E-01   -2.57843634E-04
  2.82000000E+02    8.35765901E-01   -3.48308715E-04
  2.83000000E+02    8.38329581E-01   -4.36993356E-04
  2.84000000E+02    8.40852991E-01   -5.24045213E-04
  2.85000000E+02    8.43337327E-01   -6.09708131E-04
  2.86000000E+02    8.45783740E-01   -6.94246010E-04
  2.87000000E+02    8.48193340E-01   -7.77896880E-04
  2.88000000E+02    8.50567202E-01   -8.60873349E-04
  2.89000000E+02    8.52906359E-01   -9.43393473E-04
  2.90000000E+02    8.55211812E-01   -1.02570212E-03
  2.91000000E+02    8.57484528E-01   -1.10806939E-03
  2.92000000E+02    8.59725440E-01   -1.19077270E-03
  2.93000000E+02    8.61935449E-01   -1.27407329E-03
  2.94000000E+02    8.64115430E-01   -1.35819762E-03
  2.95000000E+02    8.66266224E-01   -1.44331746E-03
  2.96000000E+02    8.68388650E-01   -1.52952076E-03
  2.97000000E+02    8.70483496E-01   -1.61678293E-03
  2.98000000E+02    8.72551527E-01   -1.70495250E-03
  2.99000000E+02    8.74593484E-01   -1.79376071E-03
  3.00000000E+02    8.76610083E-01   -1.88285617E-03
  3.01000000E+02    8.78602020E-01   -1.97185533E-03
  3.02000000E+02    8.80569968E-01   -2.06039091E-03
  3.03000000E+02    8.82514578E-01   -2.14814179E-03
  3.04000000E+02    8.84436485E-01   -2.23483909E-03
  3.05000000E+02    8.86336301E-01   -2.32025330E-03
  3.06000000E+02    8.88214622E-01   -2.40417226E-03
  3.07000000E+02    8.90072026E-01   -2.48637904E-03
  3.08000000E+02    8.91909074E-01   -2.56663711E-03
  3.09000000E+02    8.93726311E-01   -2.64468719E-03
  3.10000000E+02    8.95524264E-01   -2.72025508E-03
  3.11000000E+02    8.97303450E-01   -2.79306466E-03
  3.12000000E+02    8.99064366E-01   -2.86284711E-03
  3.13000000E+02    9.00807498E-01   -2.92934020E-03
  3.14000000E+02    9.02533320E-01   -2.99227941E-03
  3.15000000E+02    9.04242289E-01   -3.05138901E-03
  3.16000000E+02    9.05934852E-01   -3.10638022E-03
  3.17000000E+02    9.07611446E-01   -3.15695895E-03
  3.18000000E+02    9.09272492E-01   -3.20284126E-03
  3.19000000E+02    9.10918403E-01   -3.24377226E-03
  3.20000000E+02    9.12549582E-01   -3.27954508E-03
  3.21000000E+02    9.14166418E-01   -3.31001763E-03
  3.22000000E+02    9.15769293E-01   -3.33512486E-03
  3.23000000E+02    9.17358580E-01   -3.35488331E-03
  3.24000000E+02    9.18934641E-01   -3.36938584E-03
  3.25000000E+02    9.20497829E-01   -3.37878715E-03
  3.26000000E+02    9.22048489E-01   -3.38328380E-03
  3.27000000E+02    9.23586960E-01   -3.38309352E-03
  3.28000000E+02    9.25113569E-01   -3.37843837E-03
  3.29000000E+02    9.26628637E-01   -3.36953458E-03
  3.30000000E+02    9.28132480E-01   -3.35658892E-03
  3.31000000E+02    9.29625403E-01   -3.33979938E-03
  3.32000000E+02    9.31107707E-01   -3.31935795E-03
  3.33000000E+02    9.32579685E-01   -3.29545507E-03
  3.34000000E+02    9.34041624E-01   -3.26828541E-03
  3.35000000E+02    9.35493805E-01   -3.23805406E-03
  3.36000000E+02    9.36936502E-01   -3.20498026E-03
  3.37000000E+02    9.38369985E-01   -3.16929586E-03
  3.38000000E+02    9.39794517E-01   -3.13123796E-03
  3.39000000E+02    9.41210358E-01   -3.09103861E-03
  3.40000000E+02    9.42617760E-01   -3.04891595E-03
  3.41000000E+02    9.44016971E-01   -3.00506997E-03
  3.42000000E+02    9.45408235E-01   -2.95968379E-03
  3.43000000E+02    9.46791791E-01   -2.91292889E-03
  3.44000000E+02    9.48167874E-01   -2.86497123E-03
  3.45000000E+02    9.49536714E-01   -2.81597469E-03
  3.46000000E+02    9.50898537E-01   -2.76609947E-03
  3.47000000E+02    9.52253566E-01   -2.71549570E-03
  3.48000000E+02    9.53602019E-01   -2.66429474E-03
  3.49000000E+02    9.54944112E-01   -2.61260116E-03
  3.50000000E+02    9.56280055E-01   -2.56048652E-03
  3.51000000E+02    9.57610057E-01   -2.50798452E-03
  3.52000000E+02    9.58934323E-01   -2.45508747E-03
  3.53000000E+02    9.60253054E-01   -2.40174535E-03
  3.54000000E+02    9.61566450E-01   -2.34786931E-03
  3.55000000E+02    9.62874706E-01   -2.29333942E-03
  3.56000000E+02    9.64178016E-01   -2.23801441E-03
  3.57000000E+02    9.65476569E-01   -2.18174006E-03
  3.58000000E+02    9.66770555E-01   -2.12435463E-03
  3.59000000E+02    9.68060159E-01   -2.06569182E-03
  3.60000000E+02    9.69345565E-01   -2.00558405E-03
  3.61000000E+02    9.70626954E-01   -1.94386839E-03
  3.62000000E+02    9.71904504E-01   -1.88039575E-03
  3.63000000E+02    9.73178394E-01   -1.81504174E-03
  3.64000000E+02    9.74448799E-01   -1.74771591E-03
  3.65000000E+02    9.75715891E-01   -1.67836632E-03
  3.66000000E+02    9.76979844E-01   -1.60697792E-03
  3.67000000E+02    9.78240828E-01   -1.53356567E-03
  3.68000000E+02    9.79499010E-01   -1.45816509E-03
  3.69000000E+02    9.80754560E-01   -1.38082339E-03
  3.70000000E+02    9.82007642E-01   -1.30159358E-03
  3.71000000E+02    9.83258422E-01   -1.22053225E-03
  3.72000000E+02    9.84507063E-01   -1.13770023E-03
  3.73000000E+02    9.85753728E-01   -1.05316519E-03
  3.74000000E+02    9.86998579E-01   -9.67005446E-04
  3.75000000E+02    9.88241776E-01   -8.79314602E-04
  3.76000000E+02    9.89483479E-01   -7.90206880E-04
  3.77000000E+02    9.90723848E-01   -6.99821887E-04
  3.78000000E+02    9.91963041E-01   -6.08327097E-04
  3.79000000E+02    9.93201216E-01   -5.15915736E-04
  3.80000000E+02    9.94438531E-01   -4.22797945E-04
  3.81000000E+02    9.95675142E-01   -3.29184508E-04
  3.82000000E+02    9.96911206E-01   -2.35265875E-04
  3.83000000E+02    9.98146880E-01   -1.41192983E-04
  3.84000000E+02    9.99382319E-01   -4.70663560E-05
