  1.00000000E+00   -9.99382319E-01    2.68597592E-03
  2.00000000E+00   -9.98146880E-01    2.68580237E-03
  3.00000000E+00   -9.96911206E-01    2.68493676E-03
  4.00000000E+00   -9.95675142E-01    2.68265158E-03
  5.00000000E+00   -9.94438531E-01    2.67822507E-03
  6.00000000E+00   -9.93201216E-01    2.67104652E-03
  7.00000000E+00   -9.91963041E-01    2.66065431E-03
  8.00000000E+00   -9.90723848E-01    2.64673591E-03
  9.00000000E+00   -9.89483479E-01    2.62910917E-03
  1.00000000E+01   -9.88241776E-01    2.60769751E-03
  1.10000000E+01   -9.86998579E-01    2.58250562E-03
  1.20000000E+01   -9.85753728E-01    2.55359870E-03
  1.30000000E+01   -9.84507063E-01    2.52108605E-03
  1.40000000E+01   -9.83258422E-01    2.48510859E-03
  1.50000000E+01   -9.82007642E-01    2.44582958E-03
  1.60000000E+01   -9.80754560E-01    2.40342768E-03
  1.70000000E+01   -9.79499010E-01    2.35809175E-03
  1.80000000E+01   -9.78240828E-01    2.31001689E-03
  1.90000000E+01   -9.76979844E-01    2.25940152E-03
  2.00000000E+01   -9.75715891E-01    2.20644508E-03
  2.10000000E+01   -9.74448799E-01    2.15134643E-03
  2.20000000E+01   -9.73178394E-01    2.09430252E-03
  2.30000000E+01   -9.71904504E-01    2.03550732E-03
  2.40000000E+01   -9.70626954E-01    1.97515086E-03
  2.50000000E+01   -9.69345565E-01    1.91341828E-03
  2.60000000E+01   -9.68060159E-01    1.85048889E-03
  2.70000000E+01   -9.66770555E-01    1.78653528E-03
  2.80000000E+01   -9.65476569E-01    1.72172244E-03
  2.90000000E+01   -9.64178016E-01    1.65620707E-03
  3.00000000E+01   -9.62874706E-01    1.59013706E-03
  3.10000000E+01   -9.61566450E-01    1.52365124E-03
  3.20000000E+01   -9.60253054E-01    1.45687942E-03
  3.30000000E+01   -9.58934323E-01    1.38994278E-03
  3.40000000E+01   -9.57610057E-01    1.32295441E-03
  3.50000000E+01   -9.56280055E-01    1.25602002E-03
  3.60000000E+01   -9.54944112E-01    1.18923853E-03
  3.70000000E+01   -9.53602019E-01    1.12270227E-03
  3.80000000E+01   -9.52253566E-01    1.05649694E-03
  3.90000000E+01   -9.50898537E-01    9.90701415E-04
  4.00000000E+01   -9.49536714E-01    9.25387542E-04
  4.10000000E+01   -9.48167874E-01    8.60620318E-04
  4.20000000E+01   -9.46791791E-01    7.96458405E-04
  4.30000000E+01   -9.45408235E-01    7.32954952E-04
  4.40000000E+01   -9.44016971E-01    6.70158508E-04
  4.50000000E+01   -9.42617760E-01    6.08113783E-04
  4.60000000E+01   -9.41210358E-01    5.46862129E-04
  4.70000000E+01   -9.39794517E-01    4.86441718E-04
  4.80000000E+01   -9.38369985E-01    4.26887533E-04
  4.90000000E+01   -9.36936502E-01    3.68231369E-04
  5.00000000E+01   -9.35493805E-01    3.10501947E-04
  5.10000000E+01   -9.34041624E-01    2.53725174E-04
  5.20000000E+01   -9.32579685E-01    1.97924498E-04
  5.30000000E+01   -9.31107707E-01    1.43121294E-04
  5.40000000E+01   -9.29625403E-01    8.93351641E-05
  5.50000000E+01   -9.28132480E-01    3.65840292E-05
  5.60000000E+01   -9.26628637E-01   -1.51160156E-05
  5.70000000E+01   -9.25113569E-01   -6.57509144E-05
  5.80000000E+01   -9.23586960E-01   -1.15308794E-04
  5.90000000E+01   -9.22048489E-01   -1.63780002E-04
  6.00000000E+01   -9.20497829E-01   -2.11157137E-04
  6.10000000E+01   -9.18934641E-01   -2.57435228E-04
  6.20000000E+01   -9.17358580E-01   -3.02612000E-04
  6.30000000E+01   -9.15769293E-01   -3.46688033E-04
  6.40000000E+01   -9.14166418E-01   -3.89666518E-04
  6.50000000E+01   -9.12549582E-01   -4.31552573E-04
  6.60000000E+01   -9.10918403E-01   -4.72352337E-04
  6.70000000E+01   -9.09272492E-01   -5.12072274E-04
  6.80000000E+01   -9.07611446E-01   -5.50718921E-04
  6.90000000E+01   -9.05934852E-01   -5.88298971E-04
  7.00000000E+01   -9.04242289E-01   -6.24819400E-04
  7.10000000E+01   -9.02533320E-01   -6.60287372E-04
  7.20000000E+01   -9.00807498E-01   -6.94709886E-04
  7.30000000E+01   -8.99064366E-01   -7.28093390E-04
  7.40000000E+01   -8.97303450E-01   -7.60443544E-04
  7.50000000E+01   -8.95524264E-01   -7.91765142E-04
  7.60000000E+01   -8.93726311E-01   -8.22062206E-04
  7.70000000E+01   -8.91909074E-01   -8.51338117E-04
  7.80000000E+01   -8.90072026E-01   -8.79595667E-04
  7.90000000E+01   -8.88214622E-01   -9.06837046E-04
  8.00000000E+01   -8.86336301E-01   -9.33064055E-04
  8.10000000E+01   -8.84436485E-01   -9.58278793E-04
  8.20000000E+01   -8.82514578E-01   -9.82484796E-04
  8.30000000E+01   -8.80569968E-01   -1.00568841E-03
  8.40000000E+01   -8.78602020E-01   -1.02789996E-03
  8.50000000E+01   -8.76610083E-01   -1.04913407E-03
  8.60000000E+01   -8.74593484E-01   -1.06940874E-03
  8.70000000E+01   -8.72551527E-01   -1.08874323E-03
  8.80000000E+01   -8.70483496E-01   -1.10715579E-03
  8.90000000E+01   -8.68388650E-01   -1.12466204E-03
  9.00000000E+01   -8.66266224E-01   -1.14127484E-03
  9.10000000E+01   -8.64115430E-01   -1.15700504E-03
  9.20000000E+01   -8.61935449E-01   -1.17186234E-03
  9.30000000E+01   -8.59725440E-01   -1.18585552E-03
  9.40000000E+01   -8.57484528E-01   -1.19899229E-03
  9.50000000E+01   -8.55211812E-01   -1.21127925E-03
  9.60000000E+01   -8.52906359E-01   -1.22272259E-03
  9.70000000E+01   -8.50567202E-01   -1.23332904E-03
  9.80000000E+01   -8.48193340E-01   -1.24310625E-03
  9.90000000E+01   -8.45783740E-01   -1.25206341E-03
  1.00000000E+02   -8.43337327E-01   -1.26021261E-03
  1.01000000E+02   -8.40852991E-01   -1.26756983E-03
  1.02000000E+02   -8.38329581E-01   -1.27415297E-03
  1.03000000E+02   -8.35765901E-01   -1.27997765E-03
  1.04000000E+02   -8.33160715E-01   -1.28505333E-03
  1.05000000E+02   -8.30512737E-01   -1.28938132E-03
  1.06000000E+02   -8.27820637E-01   -1.29295380E-03
  1.07000000E+02   -8.25083030E-01   -1.29575366E-03
  1.08000000E+02   -8.22298481E-01   -1.29775799E-03
  1.09000000E+02   -8.19465499E-01   -1.29894610E-03
  1.10000000E+02   -8.16582535E-01   -1.29930718E-03
  1.11000000E+02   -8.13647980E-01   -1.29884366E-03
  1.12000000E+02   -8.10660161E-01   -1.29757114E-03
  1.13000000E+02   -8.07617338E-01   -1.29551744E-03
  1.14000000E+02   -8.04517704E-01   -1.29272116E-03
  1.15000000E+02   -8.01359376E-01   -1.28923022E-03
  1.16000000E+02   -7.98140397E-01   -1.28509975E-03
  1.17000000E+02   -7.94858727E-01   -1.28038789E-03
  1.18000000E+02   -7.91512246E-01   -1.27515005E-03
  1.19000000E+02   -7.88098742E-01   -1.26943194E-03
  1.20000000E+02   -7.84615915E-01   -1.26326223E-03
  1.21000000E+02   -7.81061363E-01   -1.25664807E-03
  1.22000000E+02   -7.77432587E-01   -1.24957662E-03
  1.23000000E+02   -7.73726979E-01   -1.24202333E-03
  1.24000000E+02   -7.69941821E-01   -1.23396516E-03
  1.25000000E+02   -7.66074275E-01   -1.22538894E-03
  1.26000000E+02   -7.62121383E-01   -1.21628647E-03
  1.27000000E+02   -7.58080056E-01   -1.20664122E-03
  1.28000000E+02   -7.53947071E-01   -1.19642173E-03
  1.29000000E+02   -7.49719060E-01   -1.18558638E-03
  1.30000000E+02   -7.45392510E-01   -1.17409534E-03
  1.31000000E+02   -7.40963749E-01   -1.16192331E-03
  1.32000000E+02   -7.36428942E-01   -1.14905852E-03
  1.33000000E+02   -7.31784081E-01   -1.13549284E-03
  1.34000000E+02   -7.27024980E-01   -1.12121827E-03
  1.35000000E+02   -7.22147262E-01   -1.10623621E-03
  1.36000000E+02   -7.17146353E-01   -1.09058017E-03
  1.37000000E+02   -7.12017473E-01   -1.07432596E-03
  1.38000000E+02   -7.06755625E-01   -1.05757759E-03
  1.39000000E+02   -7.01355585E-01   -1.04043799E-03
  1.40000000E+02   -6.95811893E-01   -1.02298352E-03
  1.41000000E+02   -6.90118843E-01   -1.00524089E-03
  1.42000000E+02   -6.84270472E-01   -9.87166021E-04
  1.43000000E+02   -6.78260548E-01   -9.68654131E-04
  1.44000000E+02   -6.72082562E-01   -9.49565986E-04
  1.45000000E+02   -6.65729717E-01   -9.29746030E-04
  1.46000000E+02   -6.59194914E-01   -9.09023829E-04
  1.47000000E+02   -6.52470748E-01   -8.87216686E-04
  1.48000000E+02   -6.45549495E-01   -8.64144681E-04
  1.49000000E+02   -6.38423103E-01   -8.39615873E-04
  1.50000000E+02   -6.31083185E-01   -8.13418447E-04
  1.51000000E+02   -6.23521013E-01   -7.85373502E-04
  1.52000000E+02   -6.15727511E-01   -7.55378381E-04
  1.53000000E+02   -6.07693255E-01   -7.23403389E-04
  1.54000000E+02   -5.99408469E-01   -6.89475791E-04
  1.55000000E+02   -5.90863027E-01   -6.53719135E-04
  1.56000000E+02   -5.82046464E-01   -6.16351399E-04
  1.57000000E+02   -5.72947978E-01   -5.77605233E-04
  1.58000000E+02   -5.63556451E-01   -5.37641168E-04
  1.59000000E+02   -5.53860466E-01   -4.96315774E-04
  1.60000000E+02   -5.43848335E-01   -4.53003687E-04
  1.61000000E+02   -5.33508136E-01   -4.06869202E-04
  1.62000000E+02   -5.22827752E-01   -3.57263603E-04
  1.63000000E+02   -5.11794933E-01   -3.03937078E-04
  1.64000000E+02   -5.00397353E-01   -2.47220592E-04
  1.65000000E+02   -4.88622696E-01   -1.87924383E-04
  1.66000000E+02   -4.76458746E-01   -1.26793544E-04
  1.67000000E+02   -4.63893494E-01   -6.44342243E-05
  1.68000000E+02   -4.50915269E-01   -1.58597147E-06
  1.69000000E+02   -4.37512878E-01    6.08949840E-05
  1.70000000E+02   -4.23675775E-01    1.22057728E-04
  1.71000000E+02   -4.09394239E-01    1.81058477E-04
  1.72000000E+02   -3.94659586E-01    2.37498538E-04
  1.73000000E+02   -3.79464385E-01    2.91572685E-04
  1.74000000E+02   -3.63802708E-01    3.43310350E-04
  1.75000000E+02   -3.47670388E-01    3.92231347E-04
  1.76000000E+02   -3.31065289E-01    4.37385836E-04
  1.77000000E+02   -3.13987590E-01    4.77825558E-04
  1.78000000E+02   -2.96440070E-01    5.14708014E-04
  1.79000000E+02   -2.78428385E-01    5.51353375E-04
  1.80000000E+02   -2.59961337E-01    5.91068133E-04
  1.81000000E+02   -2.41051114E-01    6.36224173E-04
  1.82000000E+02   -2.21713496E-01    6.87343811E-04
  1.83000000E+02   -2.01968015E-01    7.42380739E-04
  1.84000000E+02   -1.81838057E-01    7.96689939E-04
  1.85000000E+02   -1.61350889E-01    8.44244579E-04
  1.86000000E+02   -1.40537607E-01    8.81797744E-04
  1.87000000E+02   -1.19432995E-01    9.10625916E-04
  1.88000000E+02   -9.80752930E-02    9.33277134E-04
  1.89000000E+02   -7.65058635E-02    9.51470050E-04
  1.90000000E+02   -5.47687731E-02    9.64909083E-04
  1.91000000E+02   -3.29102881E-02    9.72991499E-04
  1.92000000E+02   -1.09783004E-02    9.76035379E-04
  1.93000000E+02    1.09783004E-02    9.74164520E-04
  1.94000000E+02    3.29102881E-02    9.68334110E-04
  1.95000000E+02    5.47687731E-02    9.59449622E-04
  1.96000000E+02    7.65058635E-02    9.46389247E-04
  1.97000000E+02    9.80752930E-02    9.26890497E-04
  1.98000000E+02    1.19432995E-01    8.99985969E-04
  1.99000000E+02    1.40537607E-01    8.66120267E-04
  2.00000000E+02    1.61350889E-01    8.25910056E-04
  2.01000000E+02    1.81838057E-01    7.79384820E-04
  2.02000000E+02    2.01968015E-01    7.27085795E-04
  2.03000000E+02    2.21713496E-01    6.70454504E-04
  2.04000000E+02    2.41051114E-01    6.11042208E-04
  2.05000000E+02    2.59961337E-01    5.49820900E-04
  2.06000000E+02    2.78428385E-01    4.87757829E-04
  2.07000000E+02    2.96440070E-01    4.26982899E-04
  2.08000000E+02    3.13987590E-01    3.69031747E-04
  2.09000000E+02    3.31065289E-01    3.13810555E-04
  2.10000000E+02    3.47670388E-01    2.60036459E-04
  2.11000000E+02    3.63802708E-01    2.06804298E-04
  2.12000000E+02    3.79464385E-01    1.54767733E-04
  2.13000000E+02    3.94659586E-01    1.04381171E-04
  2.14000000E+02    4.09394239E-01    5.51178082E-05
  2.15000000E+02    4.23675775E-01    6.41399990E-06
  2.16000000E+02    4.37512878E-01   -4.24393753E-05
  2.17000000E+02    4.50915269E-01   -9.21322948E-05
  2.18000000E+02    4.63893494E-01   -1.42407740E-04
  2.19000000E+02    4.76458746E-01   -1.92473342E-04
  2.20000000E+02    4.88622696E-01   -2.41664101E-04
  2.21000000E+02    5.00397353E-01   -2.89656066E-04
  2.22000000E+02    5.11794933E-01   -3.36536392E-04
  2.23000000E+02    5.22827752E-01   -3.82575756E-04
  2.24000000E+02    5.33508136E-01   -4.27912635E-04
  2.25000000E+02    5.43848335E-01   -4.72500368E-04
  2.26000000E+02    5.53860466E-01   -5.16094783E-04
  2.27000000E+02    5.63556451E-01   -5.58316789E-04
  2.28000000E+02    5.72947978E-01   -5.98905242E-04
  2.29000000E+02    5.82046464E-01   -6.37677970E-04
  2.30000000E+02    5.90863027E-01   -6.74391516E-04
  2.31000000E+02    5.99408469E-01   -7.08897785E-04
  2.32000000E+02    6.07693255E-01   -7.41330656E-04
  2.33000000E+02    6.15727511E-01   -7.71967217E-04
  2.34000000E+02    6.23521013E-01   -8.01061198E-04
  2.35000000E+02    6.31083185E-01   -8.28849867E-04
  2.36000000E+02    6.38423103E-01   -8.55588452E-04
  2.37000000E+02    6.45549495E-01   -8.81510888E-04
  2.38000000E+02    6.52470748E-01   -9.06777750E-04
  2.39000000E+02    6.59194914E-01   -9.31496807E-04
  2.40000000E+02    6.65729717E-01   -9.55778264E-04
  2.41000000E+02    6.72082562E-01   -9.79756609E-04
  2.42000000E+02    6.78260548E-01   -1.00351366E-03
  2.43000000E+02    6.84270472E-01   -1.02696977E-03
  2.44000000E+02    6.90118843E-01   -1.04988342E-03
  2.45000000E+02    6.95811893E-01   -1.07195898E-03
  2.46000000E+02    7.01355585E-01   -1.09293874E-03
  2.47000000E+02    7.06755625E-01   -1.11264706E-03
  2.48000000E+02    7.12017473E-01   -1.13098800E-03
  2.49000000E+02    7.17146353E-01   -1.14791060E-03
  2.50000000E+02    7.22147262E-01   -1.16339361E-03
  2.51000000E+02    7.27024980E-01   -1.17745936E-03
  2.52000000E+02    7.31784081E-01   -1.19017214E-03
  2.53000000E+02    7.36428942E-01   -1.20161998E-03
  2.54000000E+02    7.40963749E-01   -1.21190141E-03
  2.55000000E+02    7.45392510E-01   -1.22111330E-03
  2.56000000E+02    7.49719060E-01   -1.22933608E-03
  2.57000000E+02    7.53947071E-01   -1.23663001E-03
  2.58000000E+02    7.58080056E-01   -1.24303460E-03
  2.59000000E+02    7.62121383E-01   -1.24856928E-03
  2.60000000E+02    7.66074275E-01   -1.25324372E-03
  2.61000000E+02    7.69941821E-01   -1.25706851E-03
  2.62000000E+02    7.73726979E-01   -1.26006008E-03
  2.63000000E+02    7.77432587E-01   -1.26224442E-03
  2.64000000E+02    7.81061363E-01   -1.26366215E-03
  2.65000000E+02    7.84615915E-01   -1.26437451E-03
  2.66000000E+02    7.88098742E-01   -1.26446511E-03
  2.67000000E+02    7.91512246E-01   -1.26403373E-03
  2.68000000E+02    7.94858727E-01   -1.26318365E-03
  2.69000000E+02    7.98140397E-01   -1.26200592E-03
  2.70000000E+02    8.01359376E-01   -1.26056653E-03
  2.71000000E+02    8.04517704E-01   -1.25890202E-03
  2.72000000E+02    8.07617338E-01   -1.25702362E-03
  2.73000000E+02    8.10660161E-01   -1.25492495E-03
  2.74000000E+02    8.13647980E-01   -1.25258884E-03
  2.75000000E+02    8.16582535E-01   -1.24999240E-03
  2.76000000E+02    8.19465499E-01   -1.24710992E-03
  2.77000000E+02    8.22298481E-01   -1.24391393E-03
  2.78000000E+02    8.25083030E-01   -1.24037448E-03
  2.79000000E+02    8.27820637E-01   -1.23645791E-03
  2.80000000E+02    8.30512737E-01   -1.23212681E-03
  2.81000000E+02    8.33160715E-01   -1.22734109E-03
  2.82000000E+02    8.35765901E-01   -1.22205956E-03
  2.83000000E+02    8.38329581E-01   -1.21624216E-03
  2.84000000E+02    8.40852991E-01   -1.20985173E-03
  2.85000000E+02    8.43337327E-01   -1.20285419E-03
  2.86000000E+02    8.45783740E-01   -1.19521798E-03
  2.87000000E+02    8.48193340E-01   -1.18691383E-03
  2.88000000E+02    8.50567202E-01   -1.17791449E-03
  2.89000000E+02    8.52906359E-01   -1.16819449E-03
  2.90000000E+02    8.55211812E-01   -1.15772995E-03
  2.91000000E+02    8.57484528E-01   -1.14649829E-03
  2.92000000E+02    8.59725440E-01   -1.13447836E-03
  2.93000000E+02    8.61935449E-01   -1.12165047E-03
  2.94000000E+02    8.64115430E-01   -1.10799575E-03
  2.95000000E+02    8.66266224E-01   -1.09349521E-03
  2.96000000E+02    8.68388650E-01   -1.07812894E-03
  2.97000000E+02    8.70483496E-01   -1.06187552E-03
  2.98000000E+02    8.72551527E-01   -1.04471235E-03
  2.99000000E+02    8.74593484E-01   -1.02661671E-03
  3.00000000E+02    8.76610083E-01   -1.00756661E-03
  3.01000000E+02    8.78602020E-01   -9.87540803E-04
  3.02000000E+02    8.80569968E-01   -9.66518002E-04
  3.03000000E+02    8.82514578E-01   -9.44476314E-04
  3.04000000E+02    8.84436485E-01   -9.21393327E-04
  3.05000000E+02    8.86336301E-01   -8.97247157E-04
  3.06000000E+02    8.88214622E-01   -8.72018076E-04
  3.07000000E+02    8.90072026E-01   -8.45689990E-04
  3.08000000E+02    8.91909074E-01   -8.18251303E-04
  3.09000000E+02    8.93726311E-01   -7.89695027E-04
  3.10000000E+02    8.95524264E-01   -7.60018044E-04
  3.11000000E+02    8.97303450E-01   -7.29219767E-04
  3.12000000E+02    8.99064366E-01   -6.97300810E-04
  3.13000000E+02    9.00807498E-01   -6.64262372E-04
  3.14000000E+02    9.02533320E-01   -6.30106541E-04
  3.15000000E+02    9.04242289E-01   -5.94837098E-04
  3.16000000E+02    9.05934852E-01   -5.58460085E-04
  3.17000000E+02    9.07611446E-01   -5.20983720E-04
  3.18000000E+02    9.09272492E-01   -4.82417756E-04
  3.19000000E+02    9.10918403E-01   -4.42772668E-04
  3.20000000E+02    9.12549582E-01   -4.02058971E-04
  3.21000000E+02    9.14166418E-01   -3.60286764E-04
  3.22000000E+02    9.15769293E-01   -3.17465444E-04
  3.23000000E+02    9.17358580E-01   -2.73603527E-04
  3.24000000E+02    9.18934641E-01   -2.28708632E-04
  3.25000000E+02    9.20497829E-01   -1.82787727E-04
  3.26000000E+02    9.22048489E-01   -1.35847628E-04
  3.27000000E+02    9.23586960E-01   -8.78956112E-05
  3.28000000E+02    9.25113569E-01   -3.89399031E-05
  3.29000000E+02    9.26628637E-01    1.10101554E-05
  3.30000000E+02    9.28132480E-01    6.19442783E-05
  3.31000000E+02    9.29625403E-01    1.13851602E-04
  3.32000000E+02    9.31107707E-01    1.66721076E-04
  3.33000000E+02    9.32579685E-01    2.20541722E-04
  3.34000000E+02    9.34041624E-01    2.75302610E-04
  3.35000000E+02    9.35493805E-01    3.30992506E-04
  3.36000000E+02    9.36936502E-01    3.87599251E-04
  3.37000000E+02    9.38369985E-01    4.45109024E-04
  3.38000000E+02    9.39794517E-01    5.03505529E-04
  3.39000000E+02    9.41210358E-01    5.62769190E-04
  3.40000000E+02    9.42617760E-01    6.22876426E-04
  3.41000000E+02    9.44016971E-01    6.83799108E-04
  3.42000000E+02    9.45408235E-01    7.45504177E-04
  3.43000000E+02    9.46791791E-01    8.07953298E-04
  3.44000000E+02    9.48167874E-01    8.71102428E-04
  3.45000000E+02    9.49536714E-01    9.34901277E-04
  3.46000000E+02    9.50898537E-01    9.99292795E-04
  3.47000000E+02    9.52253566E-01    1.06421283E-03
  3.48000000E+02    9.53602019E-01    1.12959007E-03
  3.49000000E+02    9.54944112E-01    1.19534615E-03
  3.50000000E+02    9.56280055E-01    1.26139577E-03
  3.51000000E+02    9.57610057E-01    1.32764673E-03
  3.52000000E+02    9.58934323E-01    1.39399982E-03
  3.53000000E+02    9.60253054E-01    1.46034870E-03
  3.54000000E+02    9.61566450E-01    1.52657954E-03
  3.55000000E+02    9.62874706E-01    1.59257065E-03
  3.56000000E+02    9.64178016E-01    1.65819192E-03
  3.57000000E+02    9.65476569E-01    1.72330423E-03
  3.58000000E+02    9.66770555E-01    1.78775919E-03
  3.59000000E+02    9.68060159E-01    1.85139901E-03
  3.60000000E+02    9.69345565E-01    1.91405696E-03
  3.61000000E+02    9.70626954E-01    1.97555815E-03
  3.62000000E+02    9.71904504E-01    2.03572051E-03
  3.63000000E+02    9.73178394E-01    2.09435599E-03
  3.64000000E+02    9.74448799E-01    2.15127164E-03
  3.65000000E+02    9.75715891E-01    2.20627067E-03
  3.66000000E+02    9.76979844E-01    2.25915340E-03
  3.67000000E+02    9.78240828E-01    2.30971839E-03
  3.68000000E+02    9.79499010E-01    2.35776370E-03
  3.69000000E+02    9.80754560E-01    2.40308858E-03
  3.70000000E+02    9.82007642E-01    2.44549565E-03
  3.71000000E+02    9.83258422E-01    2.48479366E-03
  3.72000000E+02    9.84507063E-01    2.52080129E-03
  3.73000000E+02    9.85753728E-01    2.55335220E-03
  3.74000000E+02    9.86998579E-01    2.58230198E-03
  3.75000000E+02    9.88241776E-01    2.60753771E-03
  3.76000000E+02    9.89483479E-01    2.62899084E-03
  3.77000000E+02    9.90723848E-01    2.64665405E-03
  3.78000000E+02    9.91963041E-01    2.66060223E-03
  3.79000000E+02    9.93201216E-01    2.67101682E-03
  3.80000000E+02    9.94438531E-01    2.67821054E-03
  3.81000000E+02    9.95675142E-01    2.68264592E-03
  3.82000000E+02    9.96911206E-01    2.68493523E-03
  3.83000000E+02    9.98146880E-01    2.68580215E-03
  3.84000000E+02    9.99382319E-01    2.68597591E-03
