  1.00000000E+00   -9.99382319E-01    1.46686074E-05
  2.00000000E+00   -9.98146880E-01    1.12408337E-04
  3.00000000E+00   -9.96911206E-01    2.76013539E-04
  4.00000000E+00   -9.95675142E-01    4.82132532E-04
  5.00000000E+00   -9.94438531E-01    7.13632423E-04
  6.00000000E+00   -9.93201216E-01    9.58157615E-04
  7.00000000E+00   -9.91963041E-01    1.20709180E-03
  8.00000000E+00   -9.90723848E-01    1.45470902E-03
  9.00000000E+00   -9.89483479E-01    1.69744102E-03
  1.00000000E+01   -9.88241776E-01    1.93325429E-03
  1.10000000E+01   -9.86998579E-01    2.16114613E-03
  1.20000000E+01   -9.85753728E-01    2.38076155E-03
  1.30000000E+01   -9.84507063E-01    2.59212008E-03
  1.40000000E+01   -9.83258422E-01    2.79543305E-03
  1.50000000E+01   -9.82007642E-01    2.99098949E-03
  1.60000000E+01   -9.80754560E-01    3.17909007E-03
  1.70000000E+01   -9.79499010E-01    3.36001261E-03
  1.80000000E+01   -9.78240828E-01    3.53399725E-03
  1.90000000E+01   -9.76979844E-01    3.70124315E-03
  2.00000000E+01   -9.75715891E-01    3.86191150E-03
  2.10000000E+01   -9.74448799E-01    4.01613155E-03
  2.20000000E+01   -9.73178394E-01    4.16400750E-03
  2.30000000E+01   -9.71904504E-01    4.30562458E-03
  2.40000000E+01   -9.70626954E-01    4.44105419E-03
  2.50000000E+01   -9.69345565E-01    4.57035811E-03
  2.60000000E+01   -9.68060159E-01    4.69359308E-03
  2.70000000E+01   -9.66770555E-01    4.81081629E-03
  2.80000000E+01   -9.65476569E-01    4.92209159E-03
  2.90000000E+01   -9.64178016E-01    5.02749532E-03
  3.00000000E+01   -9.62874706E-01    5.12712080E-03
  3.10000000E+01   -9.61566450E-01    5.22108104E-03
  3.20000000E+01   -9.60253054E-01    5.30950990E-03
  3.30000000E+01   -9.58934323E-01    5.39256214E-03
  3.40000000E+01   -9.57610057E-01    5.47041200E-03
  3.50000000E+01   -9.56280055E-01    5.54325044E-03
  3.60000000E+01   -9.54944112E-01    5.61128114E-03
  3.70000000E+01   -9.53602019E-01    5.67471570E-03
  3.80000000E+01   -9.52253566E-01    5.73376883E-03
  3.90000000E+01   -9.50898537E-01    5.78865459E-03
  4.00000000E+01   -9.49536714E-01    5.83958447E-03
  4.10000000E+01   -9.48167874E-01    5.88676733E-03
  4.20000000E+01   -9.46791791E-01    5.93041012E-03
  4.30000000E+01   -9.45408235E-01    5.97071803E-03
  4.40000000E+01   -9.44016971E-01    6.00789357E-03
  4.50000000E+01   -9.42617760E-01    6.04213487E-03
  4.60000000E+01   -9.41210358E-01    6.07363464E-03
  4.70000000E+01   -9.39794517E-01    6.10258101E-03
  4.80000000E+01   -9.38369985E-01    6.12916075E-03
  4.90000000E+01   -9.36936502E-01    6.15356379E-03
  5.00000000E+01   -9.35493805E-01    6.17598689E-03
  5.10000000E+01   -9.34041624E-01    6.19663384E-03
  5.20000000E+01   -9.32579685E-01    6.21571099E-03
  5.30000000E+01   -9.31107707E-01    6.23341917E-03
  5.40000000E+01   -9.29625403E-01    6.24994485E-03
  5.50000000E+01   -9.28132480E-01    6.26545294E-03
  5.60000000E+01   -9.26628637E-01    6.28008292E-03
  5.70000000E+01   -9.25113569E-01    6.29394862E-03
  5.80000000E+01   -9.23586960E-01    6.30714007E-03
  5.90000000E+01   -9.22048489E-01    6.31972530E-03
  6.00000000E+01   -9.20497829E-01    6.33175073E-03
  6.10000000E+01   -9.18934641E-01    6.34324133E-03
  6.20000000E+01   -9.17358580E-01    6.35420219E-03
  6.30000000E+01   -9.15769293E-01    6.36462216E-03
  6.40000000E+01   -9.14166418E-01    6.37447881E-03
  6.50000000E+01   -9.12549582E-01    6.38374336E-03
  6.60000000E+01   -9.10918403E-01    6.39238442E-03
  6.70000000E+01   -9.09272492E-01    6.40036995E-03
  6.80000000E+01   -9.07611446E-01    6.40766786E-03
  6.90000000E+01   -9.05934852E-01    6.41424663E-03
  7.00000000E+01   -9.04242289E-01    6.42007651E-03
  7.10000000E+01   -9.02533320E-01    6.42513057E-03
  7.20000000E+01   -9.00807498E-01    6.42938497E-03
  7.30000000E+01   -8.99064366E-01    6.43281905E-03
  7.40000000E+01   -8.97303450E-01    6.43541698E-03
  7.50000000E+01   -8.95524264E-01    6.43717170E-03
  7.60000000E+01   -8.93726311E-01    6.43809002E-03
  7.70000000E+01   -8.91909074E-01    6.43819652E-03
  7.80000000E+01   -8.90072026E-01    6.43753436E-03
  7.90000000E+01   -8.88214622E-01    6.43616201E-03
  8.00000000E+01   -8.86336301E-01    6.43414600E-03
  8.10000000E+01   -8.84436485E-01    6.43155084E-03
  8.20000000E+01   -8.82514578E-01    6.42842788E-03
  8.30000000E+01   -8.80569968E-01    6.42480587E-03
  8.40000000E+01   -8.78602020E-01    6.42068699E-03
  8.50000000E+01   -8.76610083E-01    6.41604952E-03
  8.60000000E+01   -8.74593484E-01    6.41085502E-03
  8.70000000E+01   -8.72551527E-01    6.40505795E-03
  8.80000000E+01   -8.70483496E-01    6.39861372E-03
  8.90000000E+01   -8.68388650E-01    6.39147909E-03
  9.00000000E+01   -8.66266224E-01    6.38360534E-03
  9.10000000E+01   -8.64115430E-01    6.37493338E-03
  9.20000000E+01   -8.61935449E-01    6.36539731E-03
  9.30000000E+01   -8.59725440E-01    6.35493543E-03
  9.40000000E+01   -8.57484528E-01    6.34350406E-03
  9.50000000E+01   -8.55211812E-01    6.33109005E-03
  9.60000000E+01   -8.52906359E-01    6.31771969E-03
  9.70000000E+01   -8.50567202E-01    6.30346107E-03
  9.80000000E+01   -8.48193340E-01    6.28841894E-03
  9.90000000E+01   -8.45783740E-01    6.27271960E-03
  1.00000000E+02   -8.43337327E-01    6.25648479E-03
  1.01000000E+02   -8.40852991E-01    6.23980964E-03
  1.02000000E+02   -8.38329581E-01    6.22276368E-03
  1.03000000E+02   -8.35765901E-01    6.20540691E-03
  1.04000000E+02   -8.33160715E-01    6.18780100E-03
  1.05000000E+02   -8.30512737E-01    6.17000633E-03
  1.06000000E+02   -8.27820637E-01    6.15206596E-03
  1.07000000E+02   -8.25083030E-01    6.13398693E-03
  1.08000000E+02   -8.22298481E-01    6.11572410E-03
  1.09000000E+02   -8.19465499E-01    6.09717872E-03
  1.10000000E+02   -8.16582535E-01    6.07821588E-03
  1.11000000E+02   -8.13647980E-01    6.05868629E-03
  1.12000000E+02   -8.10660161E-01    6.03844020E-03
  1.13000000E+02   -8.07617338E-01    6.01732625E-03
  1.14000000E+02   -8.04517704E-01    5.99517939E-03
  1.15000000E+02   -8.01359376E-01    5.97181179E-03
  1.16000000E+02   -7.98140397E-01    5.94702659E-03
  1.17000000E+02   -7.94858727E-01    5.92067303E-03
  1.18000000E+02   -7.91512246E-01    5.89272461E-03
  1.19000000E+02   -7.88098742E-01    5.86332069E-03
  1.20000000E+02   -7.84615915E-01    5.83274586E-03
  1.21000000E+02   -7.81061363E-01    5.80136635E-03
  1.22000000E+02   -7.77432587E-01    5.76955059E-03
  1.23000000E+02   -7.73726979E-01    5.73759356E-03
  1.24000000E+02   -7.69941821E-01    5.70567063E-03
  1.25000000E+02   -7.66074275E-01    5.67385239E-03
  1.26000000E+02   -7.62121383E-01    5.64215895E-03
  1.27000000E+02   -7.58080056E-01    5.61059454E-03
  1.28000000E+02   -7.53947071E-01    5.57915201E-03
  1.29000000E+02   -7.49719060E-01    5.54782626E-03
  1.30000000E+02   -7.45392510E-01    5.51661350E-03
  1.31000000E+02   -7.40963749E-01    5.48543366E-03
  1.32000000E+02   -7.36428942E-01    5.45412637E-03
  1.33000000E+02   -7.31784081E-01    5.42256573E-03
  1.34000000E+02   -7.27024980E-01    5.39069717E-03
  1.35000000E+02   -7.22147262E-01    5.35845345E-03
  1.36000000E+02   -7.17146353E-01    5.32561184E-03
  1.37000000E+02   -7.12017473E-01    5.29169642E-03
  1.38000000E+02   -7.06755625E-01    5.25614040E-03
  1.39000000E+02   -7.01355585E-01    5.21865231E-03
  1.40000000E+02   -6.95811893E-01    5.17925107E-03
  1.41000000E+02   -6.90118843E-01    5.13814614E-03
  1.42000000E+02   -6.84270472E-01    5.09588267E-03
  1.43000000E+02   -6.78260548E-01    5.05315637E-03
  1.44000000E+02   -6.72082562E-01    5.01013105E-03
  1.45000000E+02   -6.65729717E-01    4.96610263E-03
  1.46000000E+02   -6.59194914E-01    4.92002845E-03
  1.47000000E+02   -6.52470748E-01    4.87164661E-03
  1.48000000E+02   -6.45549495E-01    4.82160313E-03
  1.49000000E+02   -6.38423103E-01    4.77056073E-03
  1.50000000E+02   -6.31083185E-01    4.71905892E-03
  1.51000000E+02   -6.23521013E-01    4.66771219E-03
  1.52000000E+02   -6.15727511E-01    4.61724455E-03
  1.53000000E+02   -6.07693255E-01    4.56773227E-03
  1.54000000E+02   -5.99408469E-01    4.51800329E-03
  1.55000000E+02   -5.90863027E-01    4.46689433E-03
  1.56000000E+02   -5.82046464E-01    4.41401459E-03
  1.57000000E+02   -5.72947978E-01    4.35791263E-03
  1.58000000E+02   -5.63556451E-01    4.29619005E-03
  1.59000000E+02   -5.53860466E-01    4.22762016E-03
  1.60000000E+02   -5.43848335E-01    4.15156651E-03
  1.61000000E+02   -5.33508136E-01    4.06964715E-03
  1.62000000E+02   -5.22827752E-01    3.98581239E-03
  1.63000000E+02   -5.11794933E-01    3.90279436E-03
  1.64000000E+02   -5.00397353E-01    3.82062003E-03
  1.65000000E+02   -4.88622696E-01    3.73955830E-03
  1.66000000E+02   -4.76458746E-01    3.65950572E-03
  1.67000000E+02   -4.63893494E-01    3.57835011E-03
  1.68000000E+02   -4.50915269E-01    3.49184579E-03
  1.69000000E+02   -4.37512878E-01    3.40100805E-03
  1.70000000E+02   -4.23675775E-01    3.31144286E-03
  1.71000000E+02   -4.09394239E-01    3.22188225E-03
  1.72000000E+02   -3.94659586E-01    3.12564819E-03
  1.73000000E+02   -3.79464385E-01    3.02152703E-03
  1.74000000E+02   -3.63802708E-01    2.91078290E-03
  1.75000000E+02   -3.47670388E-01    2.79645340E-03
  1.76000000E+02   -3.31065289E-01    2.68299045E-03
  1.77000000E+02   -3.13987590E-01    2.57263615E-03
  1.78000000E+02   -2.96440070E-01    2.47179565E-03
  1.79000000E+02   -2.78428385E-01    2.38341758E-03
  1.80000000E+02   -2.59961337E-01    2.30452613E-03
  1.81000000E+02   -2.41051114E-01    2.23723109E-03
  1.82000000E+02   -2.21713496E-01    2.18234493E-03
  1.83000000E+02   -2.01968015E-01    2.13210322E-03
  1.84000000E+02   -1.81838057E-01    2.07699527E-03
  1.85000000E+02   -1.61350889E-01    2.00963403E-03
  1.86000000E+02   -1.40537607E-01    1.93380610E-03
  1.87000000E+02   -1.19432995E-01    1.85696201E-03
  1.88000000E+02   -9.80752930E-02    1.78315294E-03
  1.89000000E+02   -7.65058635E-02    1.72392602E-03
  1.90000000E+02   -5.47687731E-02    1.68338195E-03
  1.91000000E+02   -3.29102881E-02    1.65957684E-03
  1.92000000E+02   -1.09783004E-02    1.64669187E-03
  1.93000000E+02    1.09783004E-02    1.64289587E-03
  1.94000000E+02    3.29102881E-02    1.65927770E-03
  1.95000000E+02    5.47687731E-02    1.69399018E-03
  1.96000000E+02    7.65058635E-02    1.73271974E-03
  1.97000000E+02    9.80752930E-02    1.76742415E-03
  1.98000000E+02    1.19432995E-01    1.80622777E-03
  1.99000000E+02    1.40537607E-01    1.85625129E-03
  2.00000000E+02    1.61350889E-01    1.91953337E-03
  2.01000000E+02    1.81838057E-01    1.99037472E-03
  2.02000000E+02    2.01968015E-01    2.06615899E-03
  2.03000000E+02    2.21713496E-01    2.15416113E-03
  2.04000000E+02    2.41051114E-01    2.25538475E-03
  2.05000000E+02    2.59961337E-01    2.36451474E-03
  2.06000000E+02    2.78428385E-01    2.47677030E-03
  2.07000000E+02    2.96440070E-01    2.58926000E-03
  2.08000000E+02    3.13987590E-01    2.69835086E-03
  2.09000000E+02    3.31065289E-01    2.80394315E-03
  2.10000000E+02    3.47670388E-01    2.90580680E-03
  2.11000000E+02    3.63802708E-01    3.00795316E-03
  2.12000000E+02    3.79464385E-01    3.10805393E-03
  2.13000000E+02    3.94659586E-01    3.19889886E-03
  2.14000000E+02    4.09394239E-01    3.28318834E-03
  2.15000000E+02    4.23675775E-01    3.36680031E-03
  2.16000000E+02    4.37512878E-01    3.45017386E-03
  2.17000000E+02    4.50915269E-01    3.52741123E-03
  2.18000000E+02    4.63893494E-01    3.59874565E-03
  2.19000000E+02    4.76458746E-01    3.67040892E-03
  2.20000000E+02    4.88622696E-01    3.74728297E-03
  2.21000000E+02    5.00397353E-01    3.82962596E-03
  2.22000000E+02    5.11794933E-01    3.91673686E-03
  2.23000000E+02    5.22827752E-01    4.00714312E-03
  2.24000000E+02    5.33508136E-01    4.09919177E-03
  2.25000000E+02    5.43848335E-01    4.18918850E-03
  2.26000000E+02    5.53860466E-01    4.27360859E-03
  2.27000000E+02    5.63556451E-01    4.35240992E-03
  2.28000000E+02    5.72947978E-01    4.42806866E-03
  2.29000000E+02    5.82046464E-01    4.50237436E-03
  2.30000000E+02    5.90863027E-01    4.57454923E-03
  2.31000000E+02    5.99408469E-01    4.64227929E-03
  2.32000000E+02    6.07693255E-01    4.70433116E-03
  2.33000000E+02    6.15727511E-01    4.76085364E-03
  2.34000000E+02    6.23521013E-01    4.81207935E-03
  2.35000000E+02    6.31083185E-01    4.85829335E-03
  2.36000000E+02    6.38423103E-01    4.90071117E-03
  2.37000000E+02    6.45549495E-01    4.94087205E-03
  2.38000000E+02    6.52470748E-01    4.97981224E-03
  2.39000000E+02    6.59194914E-01    5.01860094E-03
  2.40000000E+02    6.65729717E-01    5.05744211E-03
  2.41000000E+02    6.72082562E-01    5.09509977E-03
  2.42000000E+02    6.78260548E-01    5.13030080E-03
  2.43000000E+02    6.84270472E-01    5.16278774E-03
  2.44000000E+02    6.90118843E-01    5.19325974E-03
  2.45000000E+02    6.95811893E-01    5.22284471E-03
  2.46000000E+02    7.01355585E-01    5.25254698E-03
  2.47000000E+02    7.06755625E-01    5.28285990E-03
  2.48000000E+02    7.12017473E-01    5.31383883E-03
  2.49000000E+02    7.17146353E-01    5.34544974E-03
  2.50000000E+02    7.22147262E-01    5.37758265E-03
  2.51000000E+02    7.27024980E-01    5.40990072E-03
  2.52000000E+02    7.31784081E-01    5.44202213E-03
  2.53000000E+02    7.36428942E-01    5.47375599E-03
  2.54000000E+02    7.40963749E-01    5.50505510E-03
  2.55000000E+02    7.45392510E-01    5.53584404E-03
  2.56000000E+02    7.49719060E-01    5.56595792E-03
  2.57000000E+02    7.53947071E-01    5.59517562E-03
  2.58000000E+02    7.58080056E-01    5.62331440E-03
  2.59000000E+02    7.62121383E-01    5.65032610E-03
  2.60000000E+02    7.66074275E-01    5.67629899E-03
  2.61000000E+02    7.69941821E-01    5.70136496E-03
  2.62000000E+02    7.73726979E-01    5.72560403E-03
  2.63000000E+02    7.77432587E-01    5.74903357E-03
  2.64000000E+02    7.81061363E-01    5.77164857E-03
  2.65000000E+02    7.84615915E-01    5.79343518E-03
  2.66000000E+02    7.88098742E-01    5.81435540E-03
  2.67000000E+02    7.91512246E-01    5.83434205E-03
  2.68000000E+02    7.94858727E-01    5.85332024E-03
  2.69000000E+02    7.98140397E-01    5.87124796E-03
  2.70000000E+02    8.01359376E-01    5.88814782E-03
  2.71000000E+02    8.04517704E-01    5.90410450E-03
  2.72000000E+02    8.07617338E-01    5.91923652E-03
  2.73000000E+02    8.10660161E-01    5.93367629E-03
  2.74000000E+02    8.13647980E-01    5.94756404E-03
  2.75000000E+02    8.16582535E-01    5.96103643E-03
  2.76000000E+02    8.19465499E-01    5.97421502E-03
  2.77000000E+02    8.22298481E-01    5.98720613E-03
  2.78000000E+02    8.25083030E-01    6.00010236E-03
  2.79000000E+02    8.27820637E-01    6.01297479E-03
  2.80000000E+02    8.30512737E-01    6.02586906E-03
  2.81000000E+02    8.33160715E-01    6.03882228E-03
  2.82000000E+02    8.35765901E-01    6.05188645E-03
  2.83000000E+02    8.38329581E-01    6.06513277E-03
  2.84000000E+02    8.40852991E-01    6.07863022E-03
  2.85000000E+02    8.43337327E-01    6.09241654E-03
  2.86000000E+02    8.45783740E-01    6.10648300E-03
  2.87000000E+02    8.48193340E-01    6.12078201E-03
  2.88000000E+02    8.50567202E-01    6.13525234E-03
  2.89000000E+02    8.52906359E-01    6.14984611E-03
  2.90000000E+02    8.55211812E-01    6.16454793E-03
  2.91000000E+02    8.57484528E-01    6.17938175E-03
  2.92000000E+02    8.59725440E-01    6.19439910E-03
  2.93000000E+02    8.61935449E-01    6.20965573E-03
  2.94000000E+02    8.64115430E-01    6.22518580E-03
  2.95000000E+02    8.66266224E-01    6.24097987E-03
  2.96000000E+02    8.68388650E-01    6.25698009E-03
  2.97000000E+02    8.70483496E-01    6.27309486E-03
  2.98000000E+02    8.72551527E-01    6.28922013E-03
  2.99000000E+02    8.74593484E-01    6.30525552E-03
  3.00000000E+02    8.76610083E-01    6.32111271E-03
  3.01000000E+02    8.78602020E-01    6.33671842E-03
  3.02000000E+02    8.80569968E-01    6.35201317E-03
  3.03000000E+02    8.82514578E-01    6.36694385E-03
  3.04000000E+02    8.84436485E-01    6.38145085E-03
  3.05000000E+02    8.86336301E-01    6.39545710E-03
  3.06000000E+02    8.88214622E-01    6.40886737E-03
  3.07000000E+02    8.90072026E-01    6.42157914E-03
  3.08000000E+02    8.91909074E-01    6.43349727E-03
  3.09000000E+02    8.93726311E-01    6.44454449E-03
  3.10000000E+02    8.95524264E-01    6.45466507E-03
  3.11000000E+02    8.97303450E-01    6.46382441E-03
  3.12000000E+02    8.99064366E-01    6.47200718E-03
  3.13000000E+02    9.00807498E-01    6.47921444E-03
  3.14000000E+02    9.02533320E-01    6.48545876E-03
  3.15000000E+02    9.04242289E-01    6.49075670E-03
  3.16000000E+02    9.05934852E-01    6.49511979E-03
  3.17000000E+02    9.07611446E-01    6.49854545E-03
  3.18000000E+02    9.09272492E-01    6.50101015E-03
  3.19000000E+02    9.10918403E-01    6.50246593E-03
  3.20000000E+02    9.12549582E-01    6.50284089E-03
  3.21000000E+02    9.14166418E-01    6.50204283E-03
  3.22000000E+02    9.15769293E-01    6.49996499E-03
  3.23000000E+02    9.17358580E-01    6.49649301E-03
  3.24000000E+02    9.18934641E-01    6.49151111E-03
  3.25000000E+02    9.20497829E-01    6.48490519E-03
  3.26000000E+02    9.22048489E-01    6.47656152E-03
  3.27000000E+02    9.23586960E-01    6.46636376E-03
  3.28000000E+02    9.25113569E-01    6.45419194E-03
  3.29000000E+02    9.26628637E-01    6.43992577E-03
  3.30000000E+02    9.28132480E-01    6.42345029E-03
  3.31000000E+02    9.29625403E-01    6.40466051E-03
  3.32000000E+02    9.31107707E-01    6.38346325E-03
  3.33000000E+02    9.32579685E-01    6.35977697E-03
  3.34000000E+02    9.34041624E-01    6.33353145E-03
  3.35000000E+02    9.35493805E-01    6.30466789E-03
  3.36000000E+02    9.36936502E-01    6.27313881E-03
  3.37000000E+02    9.38369985E-01    6.23890646E-03
  3.38000000E+02    9.39794517E-01    6.20193871E-03
  3.39000000E+02    9.41210358E-01    6.16220295E-03
  3.40000000E+02    9.42617760E-01    6.11965956E-03
  3.41000000E+02    9.44016971E-01    6.07425683E-03
  3.42000000E+02    9.45408235E-01    6.02592833E-03
  3.43000000E+02    9.46791791E-01    5.97459251E-03
  3.44000000E+02    9.48167874E-01    5.92015365E-03
  3.45000000E+02    9.49536714E-01    5.86250343E-03
  3.46000000E+02    9.50898537E-01    5.80152285E-03
  3.47000000E+02    9.52253566E-01    5.73708404E-03
  3.48000000E+02    9.53602019E-01    5.66905196E-03
  3.49000000E+02    9.54944112E-01    5.59728543E-03
  3.50000000E+02    9.56280055E-01    5.52163788E-03
  3.51000000E+02    9.57610057E-01    5.44195809E-03
  3.52000000E+02    9.58934323E-01    5.35809101E-03
  3.53000000E+02    9.60253054E-01    5.26987872E-03
  3.54000000E+02    9.61566450E-01    5.17716106E-03
  3.55000000E+02    9.62874706E-01    5.07977598E-03
  3.56000000E+02    9.64178016E-01    4.97755957E-03
  3.57000000E+02    9.65476569E-01    4.87034594E-03
  3.58000000E+02    9.66770555E-01    4.75796730E-03
  3.59000000E+02    9.68060159E-01    4.64025483E-03
  3.60000000E+02    9.69345565E-01    4.51704076E-03
  3.61000000E+02    9.70626954E-01    4.38816176E-03
  3.62000000E+02    9.71904504E-01    4.25346280E-03
  3.63000000E+02    9.73178394E-01    4.11280028E-03
  3.64000000E+02    9.74448799E-01    3.96604288E-03
  3.65000000E+02    9.75715891E-01    3.81306906E-03
  3.66000000E+02    9.76979844E-01    3.65376090E-03
  3.67000000E+02    9.78240828E-01    3.48799507E-03
  3.68000000E+02    9.79499010E-01    3.31563181E-03
  3.69000000E+02    9.80754560E-01    3.13650367E-03
  3.70000000E+02    9.82007642E-01    2.95040619E-03
  3.71000000E+02    9.83258422E-01    2.75709440E-03
  3.72000000E+02    9.84507063E-01    2.55629104E-03
  3.73000000E+02    9.85753728E-01    2.34771555E-03
  3.74000000E+02    9.86998579E-01    2.13114672E-03
  3.75000000E+02    9.88241776E-01    1.90653605E-03
  3.76000000E+02    9.89483479E-01    1.67419194E-03
  3.77000000E+02    9.90723848E-01    1.43505496E-03
  3.78000000E+02    9.91963041E-01    1.19108131E-03
  3.79000000E+02    9.93201216E-01    9.45743621E-04
  3.80000000E+02    9.94438531E-01    7.04649150E-04
  3.81000000E+02    9.95675142E-01    4.76269920E-04
  3.82000000E+02    9.96911206E-01    2.72793242E-04
  3.83000000E+02    9.98146880E-01    1.11162137E-04
  3.84000000E+02    9.99382319E-01    1.45186011E-05
